-250.03830 -5.84189 -232.88199
-144.28968 -177.44691 -7.73919
-214.19429 -213.15545 -7.57563
-1.85193 -55.95509 -56.84710
-1.15994 -55.11095 -57.44829
-234.33426 -5.61459 -225.66428
-1.58936 -55.62910 -57.08808
-263.24027 -6.07294 -239.45756
-252.14474 -233.60824 -5.84742
-187.23038 -201.59250 -5.03246
-110.65213 -159.24665 -8.64678
-2.98994 -57.67517 -55.89817
-8.20763 -68.54123 -47.51146
-245.81823 -231.48654 -4.73815
-220.96691 -4.33827 -220.06631
-188.27311 -4.97827 -202.73763
-2.75943 -52.93689 -60.30384
-250.92988 -234.36953 -4.57453
-217.03575 -214.54650 -7.62590
-1.05349 -57.72711 -54.77383
-185.45281 -4.29304 -202.01112
-2.37546 -53.18443 -60.02289
-198.18756 -3.77991 -208.81119
-189.91891 -203.51333 -4.49090
-3.19136 -48.49035 -65.05680
-217.83992 -217.38382 -4.99536
-1.96098 -51.06495 -61.87406
-163.83872 -188.28718 -6.30230
-223.49153 -220.76764 -4.38370
-310.11976 -262.69617 -6.18993
-258.61671 -12.28725 -231.60585
-4.71324 -69.76458 -44.53068
-8.08351 -47.77107 -68.43561
-118.00727 -7.67727 -164.39241
-0.97551 -56.60458 -55.81931
-2.59464 -60.67535 -52.49203
-223.51401 -3.89110 -221.54071
-157.10039 -184.08139 -7.31414
-2.16240 -53.05961 -59.88652
-5.48594 -50.15567 -64.74414
-214.22495 -5.90075 -214.76282
-188.85518 -5.32888 -202.77039
-161.58641 -188.87460 -4.88183
-180.84811 -7.65299 -196.27125
-194.78310 -8.62419 -202.43373
-115.39671 -162.86043 -7.43080
-229.58883 -5.57720 -223.11169
-271.64327 -5.22490 -244.62544
-208.23688 -4.60824 -213.04792
-244.44364 -5.58384 -230.74873
-199.20372 -208.50262 -4.08724
-127.93094 -169.60527 -6.93456
-242.42574 -230.32816 -4.23931
-2.51914 -55.12848 -58.10675
-2.59045 -57.43073 -55.91358
-1.45470 -53.56959 -59.15663
-1.22828 -58.85834 -53.68114
-152.95313 -183.19482 -6.23253
-206.99581 -211.66173 -5.15188
-215.41116 -216.44910 -4.56707
-198.50697 -205.43529 -7.02732
-2.61601 -56.63868 -56.72172
-2.90308 -63.33096 -50.12683
-213.91682 -215.09962 -5.32596
-296.81778 -254.80174 -7.24873
-234.72830 -226.49610 -4.22773
-2.73913 -60.91471 -52.29690
-262.80731 -240.29032 -4.62489
-286.04400 -6.78541 -250.18641
-212.06530 -214.90492 -4.18636
-161.59897 -188.63290 -4.96650
-257.56337 -237.10570 -5.09300
-3.71354 -61.98426 -51.83946
-2.59811 -48.86337 -64.42680
-3.12407 -61.79716 -51.57575
-162.79541 -4.65004 -189.97108
-3.04361 -54.80789 -58.77694
-270.15368 -242.94152 -5.53534
-195.11132 -206.07308 -4.67875
-119.97115 -9.13093 -163.52448
-168.86820 -191.71676 -5.79295
-153.98194 -184.40568 -5.51266
-2.93546 -61.97219 -51.53997
-233.31627 -224.42039 -5.49459
-3.58472 -54.56087 -59.06508
-257.92358 -234.24552 -8.30800
-2.40733 -50.28387 -62.78464
-268.50931 -5.34531 -242.91520
-294.08906 -254.42777 -6.39579
-2.17094 -63.60978 -49.41490
-187.41968 -3.92004 -203.20146
-185.03512 -4.95443 -200.98801
-209.22108 -4.15776 -213.97567
-4.76317 -52.82871 -61.65096
-229.17915 -5.78856 -222.37691
-189.99882 -201.79315 -6.33006
-186.89249 -3.83590 -203.02579
-1.99247 -53.12626 -59.82182
-197.27828 -206.23076 -5.33040
-151.57951 -180.49851 -7.91768
-3.64390 -50.53058 -63.32646
-5.62996 -47.00357 -67.83914
-300.99431 -257.54668 -6.82485
-1.89649 -50.76090 -62.08990
-248.51094 -231.93029 -6.04439
-215.98031 -216.75232 -4.36670
-3.08354 -66.91569 -46.59875
-5.12811 -64.86431 -49.60521
-156.91830 -6.33097 -185.39801
-6.97041 -49.58495 -66.06421
-223.90367 -221.34897 -3.83896
-2.42159 -55.11667 -57.93533
-238.04607 -6.84291 -225.92735
-5.70565 -50.53791 -64.46334
-220.94137 -5.94854 -218.50306
-260.30769 -231.09810 -12.18783
-182.19711 -5.06794 -199.37692
-214.56636 -216.26323 -4.23574
-1.19423 -59.46636 -53.10099
-208.37629 -213.55010 -3.77653
-231.49120 -223.47811 -5.33804
-1.52954 -53.02550 -59.66356
-200.53660 -4.65029 -209.14385
-5.88288 -65.09117 -49.98880
-294.37420 -254.13641 -6.96701
-249.90547 -4.47839 -234.34666
-1.36036 -56.90335 -55.78380
-4.31635 -67.58836 -46.45420
-217.30463 -216.43300 -5.74064
-2.23089 -55.96472 -56.98002
-2.81500 -61.24036 -51.99739
-171.14189 -5.35589 -193.77734
-246.67795 -5.08907 -232.02081
-167.88630 -5.67025 -191.77311
-250.98481 -233.26625 -5.87108
-2.95134 -51.74661 -61.81287
-185.30503 -199.87719 -5.93195
-214.97691 -215.91298 -4.70722
-227.32477 -222.52150 -4.48686
-2.86896 -47.42386 -66.02660
-2.06850 -50.52638 -62.53421
-152.24637 -5.12269 -184.19909
-217.88503 -3.64766 -219.01971
-207.98071 -5.36972 -212.42477
-222.60492 -4.34160 -220.68798
-211.47853 -4.44391 -214.93836
-223.01760 -4.16962 -221.11429
-168.97302 -192.33513 -4.93112
-2.69320 -51.76075 -61.42044
-226.91259 -222.77044 -4.04124
-212.23697 -4.77439 -215.25691
-1.87126 -56.40427 -56.52264
-246.53871 -4.13943 -233.13019
-270.65625 -241.80651 -6.83209
-150.49095 -6.40326 -182.06240
-222.03459 -4.61497 -220.04964
-207.39052 -209.64418 -7.35922
-3.85204 -62.21775 -51.71368
-255.70483 -236.24319 -5.19682
-161.37195 -188.62499 -4.94885
-1.89267 -52.51218 -60.39327
-5.06411 -44.00659 -70.41293
-154.41643 -182.64947 -7.15439
-189.51296 -3.97602 -204.27279
-194.63032 -4.69755 -206.23858
-3.56117 -57.90177 -55.84186
-187.71132 -201.78151 -5.06312
-2.87240 -63.09968 -50.20295
-188.14871 -3.80989 -203.76838
-167.86301 -7.05293 -190.11427
-192.62686 -203.54235 -5.82666
-7.69686 -46.99546 -69.07827
-281.12856 -6.01156 -248.76497
-234.37840 -4.14266 -226.97347
-207.85909 -211.33760 -5.93211
-3.75769 -45.94164 -67.87946
-209.68754 -8.73033 -210.24560
-2.52900 -59.65897 -53.58315
-1.69448 -54.37931 -58.49248
-297.88277 -254.53489 -8.22147
-213.73954 -215.41496 -4.72685
-231.68963 -224.41531 -4.84967
-211.75930 -215.16305 -3.86381
-148.88905 -5.73879 -181.86100
-1.83460 -53.80506 -59.07042
-4.34204 -44.22406 -69.87505
-265.40569 -6.14873 -240.84974
-188.31844 -201.90715 -5.41842
-246.04016 -5.18785 -231.91969
-5.30386 -54.33729 -60.36330
-150.31837 -8.13554 -179.87670
-2.29236 -59.47549 -53.72827
-2.62767 -61.49239 -51.79062
-162.14931 -188.51305 -5.40604
-2.58576 -54.35895 -58.78313
-211.48469 -213.85278 -5.14155
-2.56775 -62.22484 -50.99405
-276.79087 -6.14543 -246.30429
-179.48142 -198.75201 -4.05355
-195.73792 -205.43094 -5.63939
-3.16163 -56.79822 -56.62666
-211.26358 -4.20019 -215.15734
-163.38008 -189.91418 -4.58203
-166.13757 -6.27583 -190.24428
-182.23819 -199.52052 -4.67266
-1.64193 -61.68945 -51.04955
-194.33812 -5.23541 -205.57363
-231.67713 -220.46018 -8.82860
-185.03118 -4.08602 -201.96551
-1.73139 -50.62384 -62.21399
-172.43110 -194.44508 -4.88553
-236.31900 -225.52910 -5.99718
-5.07625 -43.44523 -71.16819
-216.12669 -216.92004 -4.53537
-4.75763 -67.66365 -46.74646
-191.30096 -5.25721 -203.77330
-205.84157 -5.50040 -211.01258
-207.37147 -3.97055 -213.25038
-128.14262 -169.86036 -6.74595
-173.06732 -193.84006 -5.81336
-213.64474 -215.25095 -4.81007
-197.38491 -207.44641 -4.45316
-1.80029 -60.10860 -52.77478
-304.28378 -260.09866 -5.90040
-247.68569 -233.09460 -4.15943
-175.47792 -191.91564 -8.38059
-179.55612 -4.15673 -198.94050
-215.87292 -4.72791 -216.81709
-3.71667 -47.51463 -66.42285
-3.46609 -50.68239 -63.06387
-2.19708 -59.01300 -54.10427
-279.15818 -245.91651 -7.21773
-179.51721 -6.36997 -197.10413
-188.73354 -201.58930 -5.71992
-212.99069 -5.22758 -215.20668
-1.48563 -56.59022 -56.03626
-211.72695 -7.44346 -212.10820
-214.37033 -215.86256 -4.61619
-190.36475 -3.99163 -204.74353
-3.87187 -62.14160 -51.65173
-1.78025 -54.59370 -58.15619
-2.60638 -54.60729 -58.58712
-2.19148 -56.96072 -56.14350
-226.97198 -221.90846 -4.89349
-2.44136 -50.32108 -62.85659
-190.51045 -5.73245 -203.26414
-4.41701 -49.93858 -64.18097
-253.54145 -232.94261 -7.47193
-237.65040 -226.82243 -5.27834
-1.40224 -56.32804 -56.26134
-227.66092 -222.50651 -4.57038
-216.43129 -5.51375 -216.70685
-269.44553 -7.83718 -241.13714
-199.34925 -208.30411 -4.58785
-228.57818 -222.96852 -4.49975
-287.20035 -6.61053 -251.35316
-1.41531 -52.20628 -60.44722
-3.65566 -47.77681 -65.95623
-3.80373 -59.78046 -53.91327
-2.33810 -57.25891 -55.87419
-237.98144 -4.63917 -228.07989
-218.37018 -217.12351 -5.11100
-179.38359 -6.32773 -196.64691
-2.88020 -51.78645 -61.61892
-4.78684 -57.45353 -56.81770
-305.39477 -258.28094 -8.60655
-169.11664 -4.82049 -192.94184
-266.85150 -5.54533 -241.95883
-4.80359 -59.02021 -55.31916
-1.23207 -58.74443 -53.79378
-231.67730 -225.32985 -3.80501
-5.15318 -45.17618 -69.35548
-7.78276 -41.62704 -74.16850
-2.61749 -49.22431 -64.06692
-2.58354 -48.04320 -65.26428
-250.91507 -233.37591 -5.56834
-278.57388 -5.23890 -248.32077
-183.09432 -200.03373 -4.59079
-245.39901 -5.64288 -231.04586
-1.13543 -53.73493 -58.82005
-242.68024 -4.32420 -230.98151
-240.02882 -228.01670 -5.63376
-248.85349 -4.88533 -233.39092
-269.20894 -7.79501 -241.17210
-199.52995 -4.52054 -208.86847
-2.45838 -49.38883 -63.75011
-286.78948 -251.30419 -5.72784
-271.88246 -8.26938 -241.64154
-2.15575 -62.19167 -50.87324
-3.90511 -52.93632 -60.80772
-206.90854 -211.19672 -5.46896
-195.57819 -204.26501 -6.28442
-192.58126 -203.83477 -5.33440
-191.89034 -3.77292 -205.64326
-188.83603 -202.49694 -5.00753
-208.01659 -210.20689 -7.02775
-296.72127 -255.34785 -6.90772
-162.18932 -188.72737 -5.23054
-3.47673 -56.97457 -56.63405
-4.82638 -66.23438 -48.18117
-1.26961 -60.21764 -52.38226
-249.56585 -233.89689 -4.44385
-253.89158 -6.28846 -234.52402
-2.83000 -62.36019 -50.90405
-175.33641 -193.86085 -6.88514
-164.75172 -185.84522 -9.09098
-1.85925 -53.62977 -59.34515
-244.59804 -4.10107 -232.10745
-238.91644 -226.87004 -6.02282
-262.41989 -6.10772 -238.93185
-165.93041 -4.48569 -191.71413
-1.99421 -61.32877 -51.55476
-2.26761 -50.47393 -62.70504
-182.88252 -4.02219 -200.84413
-1.48836 -59.83453 -52.81258
-3.58318 -48.60335 -65.17536
-237.68888 -227.06908 -5.34144
-222.85630 -4.43707 -220.88794
-1.83226 -60.71157 -52.21345
-1.69051 -57.12501 -55.72101
-283.25730 -6.21275 -249.62546
-2.04902 -51.71359 -61.24755
-192.55518 -204.74366 -4.53207
-3.03689 -52.91934 -60.55974
-165.70468 -6.16878 -189.94700
-208.28637 -209.98479 -7.59258
-175.66359 -196.18599 -4.69342
-166.99449 -190.22179 -6.37931
-3.05821 -60.82933 -52.75937
-226.11405 -4.00480 -222.88825
-2.73074 -49.54046 -63.75938
-2.06690 -62.95032 -50.07175
-211.07676 -214.16504 -4.77464
-3.66373 -50.91042 -62.89148
-186.17573 -5.19256 -201.12519
-189.38975 -202.14839 -5.43699
-304.13801 -258.08673 -7.74245
-160.47145 -7.19953 -186.30275
-190.40371 -4.02979 -204.73336
-257.15858 -236.98745 -5.17724
-2.09996 -57.59808 -55.48269
-153.83128 -9.17880 -180.76734
-2.07640 -62.07407 -50.88140
-241.93285 -4.08067 -230.77820
-211.95907 -5.07216 -214.66946
-259.36294 -238.37282 -4.85089
-127.24729 -6.68425 -169.91794
-291.62774 -253.43938 -6.19538
-267.52738 -242.30679 -5.08449
-225.24254 -218.25501 -7.31223
-246.77591 -7.73913 -229.85090
-216.92788 -3.82396 -218.38285
-3.57255 -60.52063 -53.20794
-6.03837 -43.10514 -72.00370
-1.68378 -54.38016 -58.44946
-266.73013 -241.97799 -4.84254
-271.73924 -244.28789 -5.19831
-227.84282 -5.05194 -222.40891
-222.38515 -220.14712 -4.51961
-285.71195 -250.50757 -6.26505
-260.60785 -239.05906 -4.72525
-3.28052 -65.25592 -48.43442
-2.82387 -56.82931 -56.64404
-225.14953 -221.04364 -4.76673
-204.24190 -210.75637 -4.48273
-2.54429 -53.51432 -59.82124
-2.53359 -64.24075 -48.88768
-228.98118 -4.00776 -224.28468
-2.07328 -51.01755 -61.97902
-3.16903 -58.91066 -54.62341
-200.86274 -4.39645 -209.44802
-2.67364 -55.84289 -57.52057
-2.79677 -55.42707 -57.78911
-275.54529 -8.62239 -243.01845
-5.40954 -64.57895 -50.05530
-175.91040 -195.57955 -5.55947
-6.64319 -58.49265 -56.88570
-188.06930 -4.95980 -202.60595
-220.04607 -217.99323 -5.25847
-177.05707 -196.63944 -4.70930
-210.54485 -5.38603 -213.75176
-1.18683 -53.10451 -59.46056
-191.15376 -204.27210 -4.25375
-2.86322 -54.01105 -59.23472
-1.92469 -59.10636 -53.71046
-3.17191 -54.28742 -59.10766
-3.58080 -50.47165 -63.23546
-162.65812 -188.93581 -5.37144
-260.46174 -238.54299 -5.14066
-203.18800 -6.45352 -208.87977
-229.14818 -6.02921 -222.61755
-173.61761 -4.42504 -195.83219
-202.76851 -209.56930 -4.83919
-1.66395 -49.95449 -62.82584
-194.14769 -204.65040 -5.55575
-237.14832 -5.03528 -227.20390
-7.18046 -49.44250 -66.39067
-304.00795 -259.05190 -6.62694
-2.05453 -54.97179 -58.02367
-153.22412 -184.29326 -5.26939
-216.96266 -216.90206 -4.86530
-244.70821 -231.52782 -4.39303
-231.95607 -6.64685 -223.36103
-263.21003 -7.32211 -238.30332
-229.82299 -222.30635 -6.11726
-1.37401 -52.19261 -60.39490
-273.72265 -4.80615 -246.23583
-148.59043 -6.74146 -180.78679
-188.64644 -4.67692 -203.03421
-207.17818 -4.72810 -212.56226
-174.52224 -4.30803 -196.38159
-300.29470 -255.93737 -8.13850
-273.76350 -245.28867 -5.23352
-1.37485 -57.88506 -54.70326
-4.02148 -62.09790 -51.74156
-222.53204 -219.05301 -5.49973
-3.05097 -49.38842 -64.03872
-214.03872 -209.87405 -10.19302
-226.52543 -220.33829 -6.35849
-262.28080 -6.65189 -238.31877
-170.52712 -191.81068 -6.39847
-191.90206 -4.08516 -205.38368
-153.36756 -183.01452 -6.68779
-217.94091 -214.20603 -8.37541
-5.24582 -42.77132 -71.89948
-282.45242 -247.87241 -7.10708
-3.10981 -48.00988 -65.54163
-168.77582 -6.67145 -191.17198
-1.85797 -55.89279 -57.04165
-243.16609 -228.41997 -6.95640
-218.40478 -5.37907 -217.50689
-227.79404 -220.28216 -6.59427
-2.34822 -57.10209 -56.05521
-2.81154 -62.01215 -51.45029
-227.41304 -223.24461 -3.75678
-1.53966 -52.98964 -59.76916
-162.61926 -188.97921 -5.21635
-3.98520 -62.60667 -51.21747
-188.02894 -201.88432 -5.08866
-1.88740 -61.14196 -51.69855
-1.72778 -56.65764 -56.18015
-160.66921 -7.71885 -185.95053
-146.52818 -6.22766 -180.03394
-202.67190 -209.96777 -4.37427
-215.03895 -215.65865 -5.07213
-214.46872 -4.31900 -216.74780
-227.46122 -222.91501 -4.10369
-268.82490 -6.23522 -242.48786
-4.84633 -62.58906 -51.69765
-2.41217 -64.55898 -48.58572
-285.24117 -6.99917 -250.09616
-2.07011 -50.10329 -62.90603
-2.61375 -58.76628 -54.61881
-4.53211 -60.02245 -54.24389
-5.70098 -69.64209 -45.29065
-1.07318 -56.76375 -55.71288
-255.76589 -5.57395 -236.17080
-184.64271 -5.14236 -200.45954
-2.37887 -51.69586 -61.52405
-253.45112 -235.80195 -4.41884
-3.62323 -55.77267 -57.85556
-195.28601 -4.76370 -206.64936
-1.21113 -56.95066 -55.61940
-3.80225 -60.09502 -53.85389
-167.71282 -4.52227 -192.57677
-3.12062 -52.68253 -60.83494
-238.11736 -225.40821 -6.69709
-3.14901 -59.26772 -54.40856
-185.63099 -201.00427 -4.93284
-2.09678 -55.36451 -57.60843
-166.78062 -4.69911 -192.06375
-173.64567 -193.89691 -5.88751
-3.45340 -60.89461 -52.81064
-248.36085 -232.65125 -4.99463
-1.14946 -55.89493 -56.57517
-2.91649 -58.67719 -54.83056
-246.81778 -228.40780 -8.26075
-257.20087 -235.84957 -6.01174
-281.52185 -247.37752 -6.77583
-195.91431 -4.40508 -207.07573
-140.58577 -177.33243 -5.69969
-274.71014 -245.97477 -4.95514
-2.31635 -63.80532 -49.22015
-1.28803 -58.78312 -53.84851
-235.09808 -226.51603 -4.43516
-234.84517 -224.54963 -6.16966
-2.86178 -58.88319 -54.56144
-1.97414 -61.51374 -51.43689
-7.44969 -42.55895 -73.04695
-264.74851 -7.39278 -239.40074
-1.12786 -57.99468 -54.55181
-178.50861 -194.86734 -7.22877
-3.91883 -60.25322 -53.71617
-234.01019 -4.62519 -226.09787
-191.23426 -4.74240 -204.48302
-249.03819 -4.89410 -233.68331
-3.64792 -55.42260 -58.23230
-154.89779 -185.13516 -5.27608
-2.69874 -58.45005 -54.80734
-274.92244 -5.34886 -246.11515
-1.80414 -59.88557 -52.93264
-241.14459 -228.87629 -4.94538
-1.08024 -56.67254 -55.79952
-190.41816 -4.22854 -204.56180
-248.40102 -5.01238 -233.26593
-0.94004 -57.97344 -54.44016
-235.68743 -226.36971 -4.67212
-2.15224 -59.13364 -53.79798
-255.63608 -236.18937 -5.27711
-2.32997 -60.27963 -52.81105
-309.98483 -6.37553 -263.13041
-184.37755 -4.16380 -201.44156
-3.64188 -63.47270 -50.35750
-238.79958 -227.55298 -5.08369
-2.94000 -51.37456 -61.98777
-145.34536 -180.11739 -5.38873
-1.37240 -57.59568 -55.10576
-237.93411 -227.82738 -4.64382
-1.68728 -54.39209 -58.31503
-187.93950 -6.49574 -200.99954
-2.24567 -61.39403 -51.67536
-1.69700 -54.61898 -58.09731
-1.55598 -52.25420 -60.41875
-1.92983 -56.03173 -56.88155
-179.34980 -198.58494 -4.13764
-273.46613 -244.37794 -5.84631
-241.99257 -227.42617 -6.84610
-5.67617 -46.49849 -68.51071
-5.42570 -67.61713 -47.17215
-2.08475 -62.12887 -50.86304
-209.63962 -4.50306 -213.86751
-266.69940 -241.81753 -4.95156
-255.93855 -5.91670 -236.25615
-2.64476 -53.70491 -59.66872
-199.83790 -4.10283 -209.38967
-1.17272 -55.86383 -56.67088
-182.58667 -4.86655 -199.86413
-176.89625 -194.59180 -6.57872
-119.60757 -7.95834 -164.75661
-197.96228 -207.47320 -4.45084
-288.68718 -6.01290 -252.69237
-255.15042 -234.81506 -6.26980
-2.81467 -62.52276 -50.87427
-268.68919 -5.34230 -243.30224
-5.34872 -47.84065 -66.94269
-228.63447 -222.95551 -4.78969
-239.18869 -224.88520 -7.66478
-1.81906 -57.65271 -55.26499
-235.94985 -227.51952 -3.83314
-1.57330 -60.63438 -52.03585
-186.35279 -4.27712 -202.26480
-2.84184 -55.03518 -58.32376
-189.50237 -5.18321 -203.07007
-228.08031 -4.12370 -223.66333
-5.54800 -60.78892 -54.13989
-2.51612 -52.68159 -60.64293
-6.29319 -55.65983 -59.36181
-179.88726 -4.58246 -198.84726
-4.35600 -51.98890 -62.01828
-196.45066 -205.26351 -5.90717
-3.24754 -58.26296 -55.27929
-1.69625 -58.56821 -54.30165
-200.71976 -4.84391 -209.10062
-293.49742 -5.81073 -255.17230
-137.93002 -175.54363 -6.14340
-280.15624 -246.18227 -7.70359
-8.67656 -44.30684 -71.97353
-210.74140 -214.95013 -3.62120
-179.52461 -197.76229 -5.16357
-261.64271 -238.85302 -5.31080
-1.21320 -57.97215 -54.55947
-3.40350 -49.14764 -64.51220
-1.99842 -58.55495 -54.37026
-219.06080 -6.54788 -216.81992
-190.99592 -4.62956 -204.32458
-192.40989 -5.36691 -204.09772
-196.49756 -207.09522 -4.36018
-220.36297 -217.28316 -6.21021
-1.41737 -58.68445 -54.01883
-280.68236 -247.09550 -6.61976
-214.87683 -4.52266 -216.49869
-1.35561 -53.38122 -59.26379
-256.61412 -235.43226 -6.11984
-267.69102 -238.72934 -8.49057
-217.47486 -5.83112 -216.53516
-4.73759 -61.56775 -52.69350
-2.72866 -47.51789 -65.81421
-3.05438 -54.27105 -59.11193
-1.43818 -51.75893 -60.94660
-4.85965 -67.15329 -47.38211
-158.65792 -184.62622 -7.49226
-3.64263 -48.47705 -65.28085
-188.14993 -5.64959 -201.80507
-147.86576 -181.27455 -5.37320
-1.79668 -60.12206 -52.62653
-2.10856 -62.76283 -50.18103
-2.08704 -56.97795 -56.08582
-3.21099 -52.65527 -60.89001
-225.63277 -220.79841 -5.29439
-231.62832 -224.95217 -4.12847
-315.99761 -264.78767 -7.14060
-231.76023 -4.05263 -225.70948
-265.51431 -240.51144 -5.57815
-222.02202 -4.06606 -220.82904
-242.28076 -229.26138 -5.54791
-229.46217 -223.39125 -4.80393
-225.84104 -4.03850 -222.73106
-247.49747 -228.55115 -8.51903
-239.23149 -226.05108 -6.67119
-2.41953 -50.17042 -62.91104
-164.91555 -187.39495 -7.68287
-299.75673 -5.88195 -258.34030
-170.44158 -7.30289 -191.52096
-207.62885 -4.92081 -212.40787
-3.27651 -59.44398 -54.15889
-251.63013 -5.81519 -234.26029
-185.92185 -202.02470 -4.00010
-1.99409 -53.49388 -59.56594
-2.27045 -58.04203 -54.94804
-274.95061 -7.17354 -244.17551
-212.15770 -5.58867 -214.02574
-204.20291 -4.01732 -211.67192
-200.17956 -5.64585 -208.10988
-1.31703 -57.06555 -55.51856
-2.31360 -63.19240 -49.92108
-244.06577 -4.77085 -231.25458
-1.19297 -56.95771 -55.63062
-3.47207 -62.13344 -51.57773
-156.56757 -6.98823 -184.34748
-1.65037 -57.32228 -55.39434
-1.43311 -53.24398 -59.45732
-180.39892 -197.88263 -5.11234
-204.71151 -4.77536 -211.04645
-4.69849 -55.62048 -58.72754
-257.68643 -236.37975 -6.29377
-3.49823 -52.83436 -60.98947
-180.02663 -4.47705 -198.84028
-3.14086 -50.72766 -62.68973
-5.34613 -58.29966 -56.50443
-1.83548 -51.19883 -61.68419
-259.76329 -6.90944 -236.95733
-231.10558 -224.71498 -4.17125
-175.97456 -190.41053 -10.09849
-188.88741 -202.93361 -4.42720
-164.37606 -8.12577 -187.02733
-239.47313 -4.09131 -229.62669
-3.15066 -58.73036 -54.78656
-2.66903 -52.25523 -61.11125
-4.55608 -43.90548 -70.32919
-178.64843 -5.54901 -197.10472
-1.14907 -57.34235 -55.19215
-238.68004 -6.17789 -226.75740
-2.06842 -56.52018 -56.55859
-229.48694 -7.24682 -221.69172
-200.72928 -4.85470 -209.22395
-270.47041 -243.33269 -5.30821
-173.49939 -4.69477 -195.49057
-236.82324 -227.57454 -4.24190
-218.13005 -6.25885 -216.74122
-2.29126 -64.86911 -48.18658
-285.13349 -5.75899 -251.20053
-198.44830 -7.26954 -205.85387
-165.91527 -5.75278 -190.28414
-236.30998 -6.30593 -225.43539
-2.87755 -60.80180 -52.46442
-240.27841 -4.13264 -229.99188
-3.30640 -49.43985 -64.12004
-205.55874 -210.60901 -5.48635
-1.93925 -53.71448 -59.15771
-250.37130 -7.71023 -231.35714
-1.81931 -49.72197 -63.15002
-3.05403 -48.81725 -64.79205
-242.75714 -229.48411 -5.09027
-230.28492 -224.15843 -4.40195
-3.28116 -58.45251 -55.00447
-1.94325 -63.11752 -49.77551
-265.79452 -5.37374 -241.50530
-204.06626 -209.95776 -5.00347
-218.98282 -3.99864 -219.28924
-239.30267 -4.17261 -229.26809
-227.39616 -222.99632 -3.94720
-317.52383 -6.76271 -266.45384
-253.13034 -4.92832 -235.70621
-231.40986 -224.01036 -5.03189
-195.15113 -203.00541 -7.67573
-149.90059 -182.02070 -5.87062
-226.82884 -219.51997 -7.08340
-4.78558 -51.32691 -62.88682
-196.18250 -4.08856 -207.49247
-3.02421 -62.61238 -50.83754
-237.03986 -6.42025 -225.68889
-181.53985 -4.44214 -199.70542
-1.32790 -54.18088 -58.39743
-195.48703 -206.29067 -4.59141
-150.60254 -7.43159 -181.35614
-2.69013 -56.31593 -57.02968
-193.33990 -4.29232 -205.87465
-181.19258 -199.00808 -4.49510
-159.85450 -7.22207 -185.67055
-2.34785 -58.73639 -54.45016
-5.51270 -61.34408 -53.31325
-227.14296 -221.44880 -5.37265
-4.41797 -65.19529 -49.03536
-241.65538 -229.05452 -4.97838
-1.28369 -54.01325 -58.60215
-227.85057 -4.95201 -223.01096
-5.29668 -43.49290 -71.25164
-190.84535 -204.25534 -4.14625
-2.53439 -49.12869 -64.12998
-5.10534 -55.66899 -58.71008
-144.18325 -179.57676 -5.28929
-156.17077 -7.24994 -183.97519
-272.33366 -5.34058 -245.09390
-234.05711 -226.42100 -3.90155
-185.69712 -201.29281 -4.43650
-1.84373 -56.51425 -56.28825
-160.51650 -187.72253 -5.30627
-192.96403 -6.13653 -204.00223
-2.68634 -58.95159 -54.27345
-203.32416 -210.98564 -3.79010
-195.84684 -5.18180 -206.19297
-208.05980 -3.90052 -213.68018
-182.33658 -3.95562 -200.71825
-230.19590 -223.48613 -5.07425
-208.15708 -213.51566 -3.84268
-260.16588 -237.46910 -6.26989
-193.26059 -4.45087 -205.78810
-199.15500 -5.47602 -207.61739
-3.07248 -60.28949 -53.05636
-4.35702 -51.28963 -62.71179
-286.59177 -251.31002 -5.86124
-197.02916 -205.94324 -5.45084
-204.90510 -210.19545 -5.34924
-216.79837 -4.59233 -217.48641
-179.11682 -4.57335 -198.28873
-190.14350 -202.42304 -5.48341
-1.32926 -54.79984 -57.78839
-200.21224 -7.87189 -205.40622
-251.44709 -233.10362 -6.01166
-190.73838 -4.92782 -204.00720
-1.79699 -55.05330 -57.75404
-173.82517 -194.53531 -5.40295
-243.51865 -4.49403 -231.29654
-5.19799 -51.18533 -63.48291
-185.55013 -201.78544 -4.14452
-195.13127 -4.69003 -206.20711
-2.29760 -48.01062 -65.12474
-227.21352 -5.48799 -221.73811
-1.96632 -57.19479 -55.84204
-166.68603 -190.98430 -5.39275
-202.79810 -3.97825 -211.00756
-130.81634 -171.98643 -6.18013
-256.45099 -5.50603 -236.51967
-203.13866 -210.69946 -4.14774
-2.79518 -54.42332 -58.92219
-258.70026 -4.44182 -238.93424
-267.11061 -4.63137 -243.02785
-5.49676 -47.58278 -67.19203
-215.92091 -216.20824 -4.81757
-291.79359 -8.65565 -251.46590
-219.80732 -5.59260 -218.18173
-176.28689 -4.12991 -197.40701
-228.87785 -222.55842 -5.30622
-2.96519 -62.80874 -50.54991
-149.44853 -5.75055 -181.96743
-1.59884 -57.00202 -55.82138
-250.99057 -5.15624 -234.17029
-3.02156 -67.02006 -46.42306
-4.43778 -43.83765 -70.40242
-2.59054 -54.89252 -58.36011
-1.67182 -54.88284 -57.90135
-212.62985 -214.65769 -4.98717
-232.48600 -225.79877 -3.80051
-219.07409 -218.20890 -4.38940
-152.85508 -183.36370 -5.79914
-184.43542 -198.59615 -6.63710
-138.02027 -175.20541 -6.44354
-226.55580 -221.88626 -4.74315
-218.49470 -4.58671 -218.59182
-150.69777 -5.61287 -183.03911
-159.61655 -187.28225 -5.32934
-216.63820 -4.00397 -217.91291
-1.96273 -52.91713 -59.94846
-209.13468 -212.69698 -4.96169
-275.40124 -5.59770 -246.28025
-211.90576 -211.35321 -8.01810
-215.18358 -213.64954 -7.03604
-6.38888 -51.72493 -63.67606
-211.01837 -3.81071 -215.46260
-136.00054 -173.59427 -7.05960
-4.82355 -55.62511 -58.65827
-215.29399 -5.20342 -216.31764
-222.96401 -220.25643 -4.36623
-322.95922 -266.69809 -9.04812
-208.52787 -3.88742 -213.92001
-214.83954 -213.70234 -6.58207
-164.06846 -5.59501 -189.97543
-179.07664 -198.49718 -4.02006
-302.19039 -9.65900 -255.72399
-262.49852 -239.19988 -5.74889
-168.95678 -192.42353 -5.00665
-229.78396 -5.88712 -222.87920
-201.27506 -209.04529 -4.66665
-248.19441 -6.83869 -231.37432
-185.23427 -201.60902 -4.14656
-1.56235 -52.79444 -59.97643
-225.84054 -221.85091 -4.48332
-5.24568 -58.28016 -56.43896
-277.87162 -246.37695 -6.02874
-233.32869 -225.44095 -4.70291
-3.61416 -51.81961 -61.95088
-1.53081 -58.41212 -54.21636
-177.70408 -196.23640 -5.36903
-226.17766 -219.02509 -7.14560
-220.06278 -217.71954 -5.72968
-189.64332 -203.78783 -4.20421
-7.27775 -41.13858 -74.58208
-4.06587 -60.37428 -53.49306
-3.33195 -64.74370 -48.90626
-202.95844 -208.97647 -5.92761
-5.40787 -46.31865 -68.25569
-245.73568 -230.76256 -5.60194
-1.75541 -57.47707 -55.29904
-1.73930 -57.46933 -55.36588
-2.73047 -54.17948 -59.28545
-187.29363 -4.79123 -202.30491
-223.53791 -220.33956 -4.70158
-1.51724 -52.90379 -59.84092
-221.11377 -217.81760 -6.11793
-237.11648 -4.62583 -227.85048
-277.20462 -244.99808 -7.53417
-299.59154 -255.83179 -7.69149
-4.94679 -58.60698 -55.86064
-1.39076 -57.16424 -55.41279
-214.57690 -6.52914 -214.10876
-206.51908 -6.26577 -210.72970
-222.39883 -5.71220 -219.13295
-2.85609 -60.95978 -52.51773
-156.42854 -5.78889 -185.49419
-262.16816 -5.79376 -239.19790
-2.08564 -53.71883 -59.36682
-2.77062 -52.03389 -61.40572
-2.29043 -54.62874 -58.42629
-271.51338 -5.51080 -244.37590
-208.64140 -5.29753 -212.43431
-118.43975 -164.21473 -7.65173
-2.09977 -51.34814 -61.57852
-236.77477 -5.35998 -227.07521
-199.89930 -7.09455 -206.79750
-243.47195 -230.54653 -4.47012
-148.59047 -181.12602 -5.87565
-248.74261 -233.10433 -4.87093
-253.85475 -8.07126 -233.28988
-233.29896 -4.23763 -226.36371
-232.22691 -225.26542 -4.34744
-3.30362 -47.78873 -65.82555
-240.82549 -6.23139 -228.31407
-189.57563 -3.97821 -204.26913
-3.26977 -59.52954 -54.18485
-212.03952 -210.82946 -8.02357
-3.91156 -49.41450 -64.63467
-253.88633 -6.43785 -234.44105
-163.15190 -5.09347 -189.71226
-223.99191 -219.45288 -5.68038
-1.25267 -57.43525 -55.15135
-205.96424 -4.60784 -212.10610
-196.96767 -4.39797 -207.57789
-4.95549 -45.83216 -68.53063
-212.16925 -212.74938 -6.83813
-1.49712 -53.47119 -59.28110
-353.08099 -280.70106 -9.71138
-221.15093 -216.20591 -7.30829
-214.88211 -4.30350 -216.71125
-4.72994 -63.31000 -51.14707
-208.63324 -210.96781 -6.34404
-2.35237 -59.28275 -53.74183
-244.57480 -228.46411 -6.90217
-145.00804 -177.61521 -7.80211
-4.41651 -62.25367 -51.74248
-163.99744 -5.44424 -189.95546
-5.10403 -68.55346 -45.97529
-222.37878 -220.50148 -3.92930
-256.88304 -5.37321 -237.10734
-2.94093 -49.68059 -63.86484
-273.52666 -245.50995 -4.96632
-224.06678 -221.61833 -3.69192
-293.81605 -8.57687 -252.85463
-276.26174 -244.31751 -7.54907
-275.43540 -246.11569 -5.17846
-274.32800 -245.49479 -5.46418
-4.28476 -62.27734 -51.81178
-259.05515 -4.82507 -238.77627
-195.12977 -206.55965 -4.17079
-175.62955 -196.23092 -4.65595
-1.48577 -61.05412 -51.61900
-3.17246 -66.73207 -46.74867
-206.11047 -4.82569 -212.04050
-214.58862 -4.26401 -216.81260
-204.15404 -4.41766 -211.20822
-229.95320 -5.05006 -223.86671
-329.86829 -270.93385 -7.90790
-166.75942 -4.32828 -192.41555
-252.28601 -5.90105 -234.27645
-2.11989 -54.73408 -58.26338
-240.93735 -229.48685 -4.50656
-1.84103 -61.38240 -51.47059
-210.07260 -4.84256 -213.69532
-174.62232 -4.91850 -195.74793
-3.33490 -67.32293 -46.22212
-249.80642 -7.54141 -231.74072
-244.35089 -229.61951 -6.16732
-201.98966 -206.78216 -7.07373
-189.30012 -5.50453 -202.58284
-288.95199 -6.75304 -252.13033
-240.02854 -5.04306 -228.79252
-2.60981 -53.29279 -60.03038
-1.44937 -55.98693 -56.75396
-184.59412 -200.39336 -4.75080
-220.22015 -3.92883 -219.86940
-280.31787 -6.13581 -248.06234
-258.24499 -237.23019 -5.63047
-204.45185 -3.81754 -211.97095
-208.94900 -209.37616 -7.94082
-169.27745 -5.36360 -192.50787
-172.15630 -4.88197 -194.70775
-214.03973 -216.02862 -4.37058
-1.63839 -60.38811 -52.34882
-257.29124 -237.76256 -4.35157
-191.10996 -4.16820 -205.02178
-1.84154 -51.48984 -61.44312
-243.95345 -5.31006 -230.75644
-186.63862 -200.35080 -6.02623
-239.59294 -5.04007 -228.54625
-179.28788 -4.34346 -198.67352
-253.81548 -4.85152 -236.00595
-212.23708 -4.58887 -215.09473
-225.69307 -221.02490 -4.98702
-9.86832 -37.62076 -79.39170
-256.34667 -235.89662 -5.76067
-178.69234 -197.37581 -5.10076
-189.21469 -7.38961 -200.97152
-242.87582 -230.12958 -4.87547
-237.77237 -226.46634 -5.78239
-2.23984 -59.09680 -54.07155
-1.76385 -58.28852 -54.61511
-1.93435 -58.98082 -54.01588
-160.15216 -5.99427 -187.54727
-1.86478 -61.13541 -51.74072
-201.24162 -209.74482 -4.07994
-172.22958 -4.11424 -195.35551
-3.00198 -61.58314 -51.86269
-1.70664 -58.39222 -54.34342
-224.19998 -220.79065 -4.74516
-260.81523 -5.39318 -238.99945
-148.27459 -179.58653 -7.56702
-249.28492 -4.62100 -233.84099
-199.25818 -4.51713 -208.59304
-2.30530 -58.26682 -54.81123
-3.92253 -64.99561 -48.84708
-163.89309 -189.99052 -4.76502
-1.61316 -59.91354 -52.87995
-5.55689 -54.70182 -59.84189
-165.28040 -190.05410 -5.32979
-160.40297 -5.53603 -187.96193
-218.09165 -5.96583 -216.66966
-189.54306 -5.15199 -203.18079
-146.09115 -5.77430 -180.61294
-2.99437 -56.08466 -57.30455
-182.74495 -199.18738 -5.34137
-176.79537 -3.96273 -197.87283
-183.75026 -4.37154 -201.05547
-212.68574 -214.82626 -4.64270
-189.04233 -6.97029 -200.86357
-1.53699 -50.45263 -62.27415
-1.28424 -60.58591 -52.00047
-4.02348 -61.92257 -51.99305
-99.93799 -10.99156 -151.73386
-212.98271 -215.48723 -4.35777
-173.47178 -192.09986 -7.24717
-212.72115 -3.95364 -216.08009
-4.75500 -48.17763 -66.28927
-2.83508 -54.36586 -58.94076
-261.34656 -8.23216 -236.17293
-2.12108 -55.40116 -57.59748
-179.80983 -198.64098 -4.28360
-247.17058 -231.88495 -5.18145
-234.47759 -7.08069 -223.63146
-237.86383 -227.10387 -5.02185
-1.71754 -52.41273 -60.48090
-249.23201 -4.47663 -234.24096
-184.95638 -4.39115 -201.52235
-1.12659 -56.82898 -55.68826
-203.12878 -210.95103 -3.76371
-234.91858 -224.76855 -5.85487
-195.01613 -205.40495 -5.27176
-5.54602 -51.10095 -63.49029
-3.55648 -58.51026 -55.25557
-153.49773 -5.02372 -185.06953
-250.39579 -6.58473 -232.72690
-186.34095 -196.42705 -9.51736
-179.28768 -197.28908 -5.58712
-174.88293 -6.09112 -194.59015
-165.95781 -191.08251 -4.70280
-243.90176 -4.48588 -231.47102
-181.71097 -197.63190 -6.29962
-1.05104 -55.25861 -57.20702
-288.85978 -251.75590 -6.22963
-3.24495 -62.59083 -50.93691
-280.64544 -244.89266 -8.75591
-2.22704 -58.17155 -54.84551
-165.89652 -4.75005 -191.66666
-242.28645 -5.43066 -229.38751
-190.40036 -5.61440 -203.30958
-3.77458 -55.36282 -58.35714
-288.00756 -8.55079 -250.00701
-202.84980 -208.97107 -5.37455
-180.55123 -197.45671 -5.76847
-208.62623 -212.48599 -5.17677
-189.15261 -4.63853 -203.34053
-3.26044 -57.14385 -56.39990
-300.88511 -8.16544 -256.28159
-193.14763 -5.60799 -204.51189
-232.06312 -4.06256 -225.86254
-2.72856 -63.28032 -50.02259
-250.02526 -5.20833 -233.75297
-180.51549 -6.56774 -197.19154
-2.40284 -55.16084 -57.98895
-1.97105 -51.15458 -61.76514
-234.40724 -226.41287 -4.11845
-149.37924 -182.35781 -5.12444
-177.14355 -196.15373 -5.17056
-183.05503 -199.54641 -5.19010
-275.62525 -245.60556 -5.91482
-203.19063 -4.66678 -210.61041
-196.22214 -205.43196 -5.62984
-254.03644 -235.31577 -5.19812
-2.38195 -60.59639 -52.50957
-1.83504 -56.68042 -56.07908
-270.15565 -7.15546 -241.73467
-215.07403 -217.02994 -3.75028
-3.27692 -62.51389 -51.14932
-178.57622 -4.54825 -198.28912
-2.49438 -54.82834 -58.39210
-249.67599 -6.24422 -232.48120
-184.72645 -4.09866 -201.76639
-150.36756 -182.57622 -5.50850
-247.93284 -5.92076 -232.01514
-242.17795 -5.47025 -229.49797
-288.50874 -5.82169 -252.78457
-2.51383 -60.19080 -53.01034
-210.67023 -214.23257 -4.21730
-202.02255 -210.14985 -3.91412
-2.66619 -47.34241 -65.98260
-257.04264 -236.89755 -5.00519
-205.55221 -4.33929 -212.06903
-258.88949 -235.52101 -7.17169
-3.84124 -62.58017 -51.27297
-2.60029 -57.40670 -55.87470
-224.09710 -3.97369 -221.79287
-3.59881 -60.31556 -53.36880
-243.45749 -5.46914 -230.07161
-154.77011 -5.22567 -185.28921
-212.50712 -7.80740 -211.94346
-207.91522 -5.23202 -212.62212
-251.95008 -234.88989 -4.67845
-254.78584 -235.17347 -5.56169
-196.26282 -206.46262 -4.67761
-227.47807 -5.31177 -222.31066
-1.72879 -52.73961 -60.09052
-195.47193 -205.97021 -4.74329
-203.43104 -208.99368 -5.62859
-232.72058 -224.56479 -5.31937
-173.99658 -195.73947 -4.19607
-1.43183 -56.11029 -56.63111
-1.70788 -59.62699 -53.24981
-1.90292 -59.98254 -52.86782
-1.27293 -52.97795 -59.61293
-222.65469 -4.60150 -220.32242
-174.37858 -4.62324 -196.11600
-198.55974 -4.05709 -208.67442
-3.82807 -69.22938 -44.63779
-195.67943 -6.25852 -205.23135
-1.55526 -56.87630 -55.87473
-240.48640 -228.37326 -5.55871
-264.91874 -6.13272 -240.49298
-4.16889 -55.48097 -58.43395
-374.01637 -290.51068 -11.05887
-227.58743 -4.91662 -222.91179
-202.46654 -9.45819 -205.64005
-215.16422 -6.99407 -214.17020
-213.41029 -213.92514 -6.05523
-156.19481 -5.06085 -186.22522
-250.23129 -234.48484 -4.11099
-1.16687 -59.09691 -53.43300
-223.54633 -219.68299 -5.38580
-225.78205 -5.00574 -221.82263
-202.53986 -5.60241 -209.43319
-1.53068 -54.37506 -58.42413
-200.04889 -6.55907 -207.07458
-4.49269 -48.29981 -65.99226
-199.17485 -3.84438 -209.28316
-205.13453 -4.16204 -211.92289
-281.24254 -5.48284 -249.24094
-1.78817 -61.64841 -51.20664
-212.56226 -4.32926 -215.61628
-2.46827 -52.28538 -60.86443
-245.64069 -230.31414 -6.23375
-139.65987 -6.39438 -176.47750
-235.37884 -225.54273 -5.71321
-228.35733 -222.96789 -4.45748
-263.70738 -4.89961 -241.03642
-241.55570 -229.55734 -4.49531
-242.70987 -4.64455 -230.75021
-6.09264 -58.41649 -56.57096
-198.15474 -4.30062 -208.24859
-219.42911 -219.03936 -3.96892
-261.19578 -8.69391 -236.28259
-272.35910 -9.18888 -241.00478
-2.28501 -56.09607 -56.91207
-259.71989 -4.48565 -239.36202
-229.85255 -223.85737 -4.34627
-233.31396 -225.55283 -4.37425
-2.09741 -56.22406 -56.76571
-239.03209 -6.03657 -227.28582
-323.51043 -267.13532 -8.36447
-225.85755 -219.60151 -6.32740
-206.59583 -6.15384 -211.11049
-1.09348 -54.43634 -58.01270
-265.80482 -240.19508 -6.03689
-176.52966 -196.49832 -4.58766
-175.77779 -5.37879 -195.82249
-172.70359 -4.77092 -195.12447
-235.90079 -5.23741 -226.47553
-226.83248 -221.71249 -5.22797
-176.79229 -196.50297 -4.90340
-173.79493 -4.45646 -195.94203
-2.82449 -54.83317 -58.50122
-204.73873 -5.08106 -210.77577
-284.94933 -249.11887 -6.83113
-180.44217 -198.80011 -4.47290
-115.41909 -159.05569 -11.39883
-211.75747 -213.98310 -4.86584
-3.61679 -54.67410 -58.92094
-4.26761 -56.96892 -57.08028
-245.96340 -230.17006 -6.51694
-1.89063 -53.61962 -59.23148
-251.04277 -234.09715 -5.07964
-3.60702 -56.17307 -57.71630
-143.22795 -6.80817 -177.96329
-344.27684 -9.77500 -276.76988
-194.25311 -205.87977 -4.31747
-216.50026 -6.37910 -215.21281
-5.25777 -47.15476 -67.58687
-229.64567 -221.50755 -6.79020
-211.63207 -3.98269 -215.43166
-171.64405 -193.69435 -5.06121
-165.02627 -189.31603 -6.13634
-222.39439 -217.56526 -7.15539
-223.28851 -220.79726 -4.18665
-276.03110 -246.39854 -5.17031
-208.67794 -211.49195 -5.83423
-246.69852 -230.66322 -6.24564
-1.10824 -52.95338 -59.56181
-247.08725 -6.56897 -231.13684
-248.99198 -6.36580 -232.40218
-3.65071 -51.04442 -62.80762
-251.97567 -234.27083 -4.98020
-185.31290 -200.82697 -5.06325
-177.60821 -195.31849 -6.63352
-3.66894 -59.77980 -53.83375
-1.66396 -53.57569 -59.11965
-265.05293 -240.76748 -5.16223
-173.32345 -5.57690 -194.38732
-224.25634 -220.74239 -4.59436
-223.50631 -6.63300 -218.53710
-3.00632 -55.34604 -58.04212
-164.08723 -5.45888 -190.11610
-246.80176 -4.52958 -232.94909
-2.83628 -51.57655 -61.71167
-198.27996 -208.57934 -3.65658
-198.93345 -4.01905 -209.00837
-248.26881 -232.83426 -4.86668
-230.28494 -224.40209 -4.11849
-212.82193 -215.87295 -3.77435
-184.54339 -4.48303 -201.33325
-1.94956 -57.75747 -55.16936
-2.63488 -57.10318 -56.12341
-2.88631 -57.09363 -56.15672
-167.33650 -4.52554 -192.40576
-2.23886 -53.18836 -59.77924
-216.91627 -217.44060 -4.14574
-204.17571 -209.91841 -5.35114
-255.00716 -6.23450 -235.49840
-2.28450 -57.69292 -55.51772
-1.60081 -52.93392 -59.89849
-165.54285 -5.20762 -190.76715
-152.89791 -8.29581 -181.28766
-2.15929 -52.74247 -60.28283
-2.21728 -52.32138 -60.72412
-3.64608 -47.89722 -65.99525
-274.37032 -6.17605 -245.18583
-271.96463 -4.95058 -245.12787
-216.22431 -217.25136 -3.99262
-261.40515 -5.54342 -239.29238
-201.75492 -210.14033 -3.81949
-2.42129 -54.63212 -58.45577
-3.17670 -50.84117 -62.79896
-198.63725 -5.85048 -207.29675
-235.63105 -4.90195 -226.94314
-239.67520 -5.57466 -228.11832
-242.41154 -230.02369 -4.60220
-193.62731 -205.95056 -3.89601
-173.83484 -194.91929 -4.93888
-1.96204 -51.31871 -61.65967
-2.86678 -50.20498 -63.10372
-292.23901 -251.05531 -9.18004
-256.82770 -236.74334 -5.02177
-2.21781 -57.77467 -55.36140
-2.86910 -52.39074 -61.08517
-202.63872 -5.06504 -209.89640
-193.64687 -3.87070 -206.40029
-143.18284 -6.44284 -178.31541
-306.53537 -7.12285 -260.42934
-201.83873 -4.49942 -209.88075
-200.32819 -208.88418 -4.36423
-185.30772 -4.91716 -201.14258
-241.20997 -228.73044 -5.12992
-2.00816 -55.90830 -57.00686
-155.39561 -7.23183 -183.49143
-216.55902 -4.51541 -217.65547
-241.86527 -4.20311 -230.65493
-196.60418 -3.99519 -207.96901
-245.47526 -231.77902 -4.36628
-220.06821 -3.95725 -219.71812
-298.38392 -8.07670 -255.40763
-152.38763 -178.88844 -9.86219
-1.76381 -56.16149 -56.68384
-256.78407 -236.66653 -5.32781
-215.40460 -216.39350 -4.39951
-2.19976 -53.26905 -59.88802
-2.94089 -52.80448 -60.64120
-228.54615 -220.32805 -7.00613
-258.23712 -237.52316 -5.08521
-3.67631 -51.29479 -62.59713
-1.55435 -51.71259 -61.02033
-1.03705 -54.66420 -57.82344
-2.49892 -59.09269 -53.98240
-2.15046 -54.61276 -58.37443
-248.33631 -4.60255 -233.64154
-180.49503 -198.04235 -5.24761
-238.54630 -5.51377 -227.45509
-245.37468 -231.78161 -4.26103
-194.17283 -3.91839 -206.69019
-204.64117 -4.64953 -211.42940
-2.76204 -56.77433 -56.55308
-275.38729 -245.01325 -6.05852
-218.83328 -4.17323 -218.84820
-170.30251 -5.23536 -193.20408
-2.96275 -61.78121 -51.56881
-232.73377 -225.24222 -4.39445
-5.04533 -65.63224 -49.02302
-175.81353 -4.24338 -197.09545
-223.74623 -219.10752 -5.90841
-252.61090 -233.60100 -6.00750
-266.05441 -240.55315 -5.95451
-148.84571 -5.22834 -182.33310
-5.72505 -59.32078 -55.34235
-146.65272 -178.63573 -7.19641
-292.92843 -253.82287 -6.45599
-256.61150 -236.25509 -5.83606
-2.73311 -53.80569 -59.61982
-178.60227 -6.99501 -195.45365
-248.52500 -233.31753 -4.33807
-249.57728 -6.33921 -232.14373
-278.54400 -246.55605 -6.11894
-2.83151 -60.10891 -53.12916
-216.98133 -216.96978 -4.99728
-170.07382 -4.39473 -194.01476
-185.16760 -5.85471 -200.43372
-205.94878 -3.66668 -212.99176
-231.01981 -5.09512 -224.47631
-235.02175 -6.66975 -224.42054
-185.94367 -4.75179 -201.55305
-195.13376 -3.80103 -207.24315
-218.07900 -215.80647 -6.61533
-1.19906 -57.47488 -55.06774
-3.80039 -62.45071 -51.49084
-1.43957 -53.82630 -58.90975
-218.57658 -217.52114 -5.08810
-3.39038 -65.35039 -48.37014
-154.11301 -183.81582 -5.99252
-2.96014 -51.62220 -61.80314
-120.66246 -7.28368 -165.91481
-181.86191 -196.39719 -7.46161
-254.07311 -4.83097 -236.23954
-215.63034 -5.07078 -216.37060
-1.59949 -58.01598 -54.64137
-3.95521 -49.69221 -64.24004
-4.32788 -50.35459 -63.79377
-181.99827 -199.76003 -4.24304
-244.91526 -230.65937 -5.35316
-1.55336 -55.86765 -56.89365
-211.16120 -8.69442 -210.91640
-182.07017 -5.79239 -198.71235
-233.34476 -4.01124 -226.40560
-1.33151 -57.68099 -54.94212
-194.26593 -205.96802 -4.41361
-154.15509 -9.19739 -180.71651
-142.81262 -177.79331 -6.21038
-223.94390 -220.84706 -4.54805
-2.70486 -53.72615 -59.51419
-279.84692 -7.50275 -246.62827
-251.88846 -5.70605 -234.23331
-197.88104 -202.59728 -9.49642
-241.85993 -4.27719 -230.43460
-252.82938 -7.33603 -232.82176
-179.60902 -5.64395 -197.82883
-226.68226 -3.85348 -223.34562
-4.45177 -66.46032 -47.59433
-227.07213 -222.84909 -3.90263
-204.63332 -211.29148 -4.26816
-6.07705 -52.49715 -62.65751
-240.05492 -229.02345 -4.51457
-173.44094 -7.82378 -191.95371
-237.10109 -4.35155 -228.21306
-233.89507 -223.27708 -7.14904
-2.18192 -58.08928 -54.90316
-205.96722 -5.25334 -211.38900
-209.16144 -6.13655 -212.43011
-203.63274 -211.21081 -3.69970
-214.75472 -216.69728 -3.87371
-113.18081 -161.02711 -8.23439
-235.67517 -7.80428 -224.20912
-245.20728 -231.13404 -4.70276
-282.00500 -246.24070 -8.39716
-261.50754 -238.18430 -6.12803
-270.63488 -4.91307 -244.49642
-2.66984 -64.06534 -49.13378
-314.42339 -263.69102 -7.62620
-195.48621 -206.90149 -3.88050
-199.65762 -5.27554 -207.89235
-213.74935 -5.40078 -214.90898
-168.46512 -192.27839 -4.90964
-231.35529 -3.91956 -225.61885
-276.79048 -243.86783 -7.85489
-215.55846 -214.94501 -5.88728
-195.30937 -205.45530 -5.57775
-234.44567 -4.56026 -226.52921
-99.61646 -150.86481 -11.37950
-226.14741 -3.81052 -222.98795
-192.09462 -7.60220 -201.82960
-214.22130 -213.93051 -6.63536
-280.19248 -6.96814 -247.37094
-226.54440 -221.09707 -5.27094
-2.42320 -53.26663 -59.83475
-296.01700 -5.92760 -256.50394
-179.27746 -196.84553 -5.56112
-173.32568 -195.35382 -4.30819
-154.70541 -7.27502 -183.10835
-120.83951 -163.93217 -8.99987
-242.47324 -229.16366 -5.58028
-190.43724 -202.42841 -5.98368
-2.35863 -49.49991 -63.64041
-1.82696 -56.71602 -56.05936
-202.41683 -4.37763 -210.38858
-249.05838 -4.12864 -234.40027
-191.91432 -204.27519 -4.60493
-204.61228 -210.19542 -5.27982
-5.16441 -53.54720 -60.88030
-224.74269 -221.76076 -3.92621
-1.49784 -57.29538 -55.40928
-224.69542 -4.01291 -222.22596
-180.61088 -197.60294 -5.56929
-179.00268 -198.04686 -4.41479
-241.13103 -229.21133 -4.83865
-197.61050 -4.41791 -207.82244
-217.30793 -218.09637 -3.89612
-2.05128 -54.73995 -58.16144
-7.50231 -48.28760 -67.68255
-125.39951 -6.37636 -169.36577
-174.10395 -4.95172 -195.31371
-237.82253 -5.09157 -227.46897
-7.62566 -46.71430 -69.07918
-155.76049 -184.93939 -5.79462
-202.29831 -6.41787 -208.42499
-202.29074 -210.16952 -4.16885
-4.51895 -58.19201 -55.86231
-176.10157 -195.36549 -5.64213
-224.10313 -4.45528 -221.33399
-3.83714 -51.08110 -62.72594
-160.35243 -188.37468 -4.64256
-200.37136 -209.16104 -4.23216
-1.86511 -56.32409 -56.56048
-166.88512 -4.74176 -192.13624
-214.76430 -4.93128 -216.03419
-258.41947 -6.62168 -236.93159
-296.61756 -256.24568 -5.85826
-208.54409 -211.86887 -5.33203
-206.20426 -5.13801 -211.56856
-1.31530 -52.72903 -59.85945
-274.68147 -6.54835 -245.25308
-1.92801 -52.87198 -60.12298
-153.40325 -6.65706 -183.36817
-264.68051 -239.70501 -6.08699
-165.81967 -4.46905 -191.65669
-2.74809 -55.68723 -57.56194
-296.68755 -10.26467 -252.51046
-212.86212 -214.40129 -5.15129
-159.09884 -4.62802 -188.19295
-200.15541 -202.82945 -10.57262
-210.27363 -213.75504 -4.49527
-196.71450 -5.60032 -206.30151
-3.05964 -59.40792 -54.06820
-200.67055 -4.04035 -209.87922
-255.34723 -4.99020 -236.84912
-239.93580 -8.96714 -224.83555
-239.85247 -4.66158 -229.18167
-142.73494 -175.76678 -8.56047
-280.03407 -247.39158 -6.10731
-179.98253 -4.80058 -198.75874
-217.98806 -5.35509 -217.52470
-207.24192 -9.20484 -207.68493
-246.73757 -5.02889 -232.34443
-247.75204 -232.94783 -4.30133
-3.27271 -67.78892 -45.77416
-228.97966 -222.50381 -5.46741
-214.39894 -215.22019 -5.24825
-254.85621 -236.30831 -4.50815
-196.39143 -4.10510 -207.75107
-1.34102 -54.52031 -58.04361
-2.05574 -53.24181 -59.80975
-2.79919 -51.93511 -61.55693
-98.66199 -8.91311 -153.25947
-2.01653 -54.99859 -57.90140
-2.84129 -62.81646 -50.51721
-161.65041 -187.47743 -6.24921
-230.52264 -222.71114 -5.86934
-2.56720 -63.27091 -49.94668
-2.86699 -51.17364 -62.22383
-288.15981 -5.95827 -252.25008
-264.56880 -238.95271 -6.57383
-151.51883 -183.65214 -4.89030
-176.44785 -6.24050 -195.41467
-2.53467 -60.67997 -52.57271
-2.84180 -55.38591 -58.03754
-202.89701 -4.76298 -210.13635
-202.18304 -8.68742 -205.97853
-3.33804 -61.03778 -52.42827
-231.99744 -223.89429 -5.54269
-216.42052 -7.99530 -213.63969
-257.59409 -5.64012 -237.01835
-254.31208 -232.09313 -8.45350
-225.67369 -7.97173 -218.77103
-190.38620 -5.34311 -203.49826
-1.71766 -52.33146 -60.43074
-257.39512 -236.49071 -5.63706
-1.46965 -55.37036 -57.27126
-233.83039 -225.28464 -4.85472
-3.86020 -59.29075 -54.41485
-176.38268 -4.38938 -197.07543
-1.49789 -58.88843 -53.87608
-228.89219 -222.74732 -5.25188
-189.23769 -4.03850 -203.96795
-3.45033 -60.60803 -53.04213
-228.58470 -4.25701 -223.80071
-268.29615 -9.28640 -239.38584
-2.58363 -62.72471 -50.58834
-4.31651 -55.96226 -58.14095
-204.86282 -211.21511 -4.47224
-3.11619 -64.22348 -49.25905
-1.25990 -59.36686 -53.24097
-1.79792 -58.13862 -54.69956
-181.90998 -199.21802 -4.76081
-5.98480 -64.79914 -50.15976
-4.07651 -67.04582 -47.04242
-3.57798 -56.60765 -57.05417
-234.32675 -224.96269 -5.48212
-1.95116 -61.90447 -50.99081
-1.00962 -56.25065 -56.16972
-169.83950 -4.55747 -193.67969
-2.43003 -55.80415 -57.46883
-241.51872 -5.25430 -229.23598
-218.41528 -5.38838 -217.25645
-228.32785 -7.92434 -220.41956
-278.35541 -247.10979 -5.56917
-3.24358 -54.91448 -58.56058
-225.59548 -222.38460 -3.69582
-224.86076 -6.24884 -220.02708
-201.68204 -4.79580 -209.64757
-0.99707 -54.30414 -58.11191
-246.99183 -232.21774 -4.74820
-2.61683 -61.55560 -51.78794
-252.09028 -235.29347 -4.24058
-231.68984 -225.31893 -3.94856
-1.91843 -51.38856 -61.55347
-210.12004 -3.64738 -215.08154
-170.00481 -190.97970 -7.01386
-3.46056 -59.88799 -53.87710
-164.36592 -187.64801 -7.63488
-149.85605 -8.02227 -179.73443
-200.86615 -4.00729 -209.97173
-1.25564 -56.97191 -55.58951
-162.15603 -188.67125 -5.28629
-4.76494 -57.68233 -56.88363
-189.80533 -204.19551 -3.80809
-258.07294 -237.86397 -4.80297
-179.19735 -6.22244 -196.79679
-225.79777 -221.34789 -4.77275
-2.72347 -47.42200 -65.94350
-132.08685 -171.72622 -6.91413
-1.15199 -55.68814 -56.82028
-3.78969 -51.91836 -62.01698
-4.40032 -59.63725 -54.71626
-194.89271 -3.82621 -207.18491
-240.11246 -5.19397 -228.51138
-208.60660 -213.18536 -4.15469
-3.44191 -49.23645 -64.37860
-190.24736 -4.11422 -204.62274
-298.55400 -257.26374 -5.73395
-283.33381 -6.55275 -249.54603
-3.49832 -61.26833 -52.57316
-194.07388 -3.83986 -206.69353
-215.10556 -216.11640 -4.59313
-1.20875 -55.39349 -57.20898
-229.80449 -222.92193 -5.50305
-4.60139 -47.93969 -66.31366
-2.93796 -47.43009 -66.04573
-2.53373 -60.35937 -52.86740
-4.02766 -64.44719 -49.42845
-1.19158 -54.32154 -58.22531
-1.52947 -60.74243 -52.00933
-230.38520 -6.39518 -222.72163
-1.66922 -57.29266 -55.41020
-2.76007 -54.63878 -58.75176
-210.11282 -210.00557 -7.88728
-238.46415 -228.48408 -4.26817
-150.82597 -5.69268 -183.06057
-255.68001 -4.60979 -237.25003
-4.47704 -68.84123 -45.28714
-138.54989 -173.51580 -8.73682
-276.66495 -5.43440 -247.02445
-1.70302 -59.65936 -53.09217
-196.17926 -5.38723 -206.05645
-1.86931 -55.43401 -57.35184
-1.50868 -61.68643 -51.02879
-180.64591 -4.30750 -199.40044
-238.98020 -228.29668 -4.68296
-223.15243 -220.92285 -4.01356
-186.80043 -6.91564 -200.05072
-1.72999 -56.07733 -56.76593
-3.42766 -52.26737 -61.53570
-206.35531 -212.37928 -4.00579
-4.18841 -50.16778 -63.89383
-256.46316 -237.14722 -4.50068
-1.93446 -60.90252 -51.92183
-3.17146 -56.03915 -57.56770
-3.37208 -49.40231 -64.32549
-2.29481 -54.64118 -58.49008
-1.94151 -60.29402 -52.57540
-5.11915 -61.12306 -53.43791
-1.80516 -58.84785 -54.07659
-166.27243 -191.61372 -4.46220
-267.43475 -5.50293 -242.32581
-242.25391 -4.17090 -230.89317
-223.80855 -6.26481 -219.50858
-174.77192 -195.01826 -5.45654
-162.21107 -6.71707 -187.88127
-180.51112 -197.79921 -5.26693
-2.68678 -60.15597 -53.16350
-3.10562 -58.30862 -55.24521
-1.16485 -54.59578 -57.94807
-2.80907 -58.75428 -54.62239
-1.63960 -54.59071 -58.26226
-2.62535 -50.61078 -62.75700
-3.71975 -64.41754 -49.34205
-229.43404 -221.34528 -6.68704
-276.45599 -246.47260 -5.55178
-2.51671 -49.04714 -64.18778
-4.09881 -68.12358 -45.80771
-1.64117 -54.35323 -58.42566
-243.69318 -5.29851 -230.55475
-166.49896 -5.13785 -191.31414
-1.46044 -58.52162 -54.11360
-214.62636 -215.77518 -4.95879
-212.03921 -215.12238 -4.01457
-259.64997 -8.24155 -235.46266
-230.61339 -223.57569 -5.29577
-216.53879 -4.45161 -217.46525
-139.59023 -175.60377 -7.16639
-1.24440 -59.26863 -53.24491
-2.09816 -49.76152 -63.20137
-180.40677 -197.56915 -5.77321
-1.86912 -57.46826 -55.39122
-273.81051 -244.09305 -6.28564
-217.43034 -5.42576 -216.77473
-4.19137 -60.54728 -53.42664
-274.68154 -6.68040 -244.50717
-269.82488 -238.78471 -9.77430
-208.69476 -212.70338 -4.77113
-4.72911 -67.47290 -46.92700
-273.82853 -245.17502 -5.28175
-256.29959 -236.98584 -4.55573
-221.11401 -218.54179 -5.25208
-2.13983 -54.56021 -58.41582
-180.17926 -199.17328 -3.93173
-252.41545 -235.52857 -4.21103
-1.41077 -56.73326 -55.88425
-223.18442 -4.99296 -220.28056
-277.07774 -8.91044 -244.13086
-246.29159 -4.50950 -232.59642
-267.19860 -5.78494 -241.86307
-166.87727 -4.80568 -192.11363
-295.64016 -7.78541 -254.36300
-140.13814 -176.77715 -5.93652
-223.69095 -4.86710 -220.71848
-231.52512 -5.50571 -224.21557
-5.33962 -63.17891 -51.58246
-140.10154 -175.69342 -6.87989
-220.00928 -6.69993 -217.30660
-231.94839 -223.60354 -5.62425
-1.39980 -57.37301 -55.19478
-2.90930 -55.92159 -57.46364
-185.14752 -4.37780 -201.63047
-210.91056 -4.75972 -214.21030
-245.39041 -231.65857 -4.37278
-238.88507 -227.41382 -5.54673
-3.60434 -60.35057 -53.45455
-156.91872 -5.87004 -185.85835
-223.02119 -4.95259 -220.39089
-216.23517 -213.86627 -7.22630
-3.20496 -62.78541 -50.63601
-243.76611 -4.35474 -231.37149
-2.78793 -56.02720 -57.25593
-3.32999 -53.91711 -59.67516
-1.86283 -50.94595 -61.98227
-186.83780 -4.67939 -202.25927
-169.74944 -5.48906 -192.71817
-4.05022 -49.42720 -64.67018
-1.62607 -56.00237 -56.85132
-264.54705 -4.87112 -241.55127
-1.65860 -60.12658 -52.60405
-194.26082 -206.09654 -4.23758
-287.82710 -250.40036 -7.34035
-157.02760 -5.21508 -186.72244
-238.84695 -227.42585 -5.56803
-2.95894 -54.61530 -58.76428
-169.06404 -190.29598 -7.07582
-153.02110 -5.25857 -184.50562
-1.36384 -58.22067 -54.44002
-146.91224 -6.70649 -179.72816
-260.78190 -238.52069 -5.52454
-6.62404 -45.80630 -69.58228
-4.87663 -50.61108 -63.70687
-141.46923 -177.85696 -5.58525
-216.37477 -212.04589 -8.90611
-175.84134 -195.10029 -5.54972
-245.03765 -230.67229 -5.14221
-3.50098 -45.16955 -68.52081
-173.20719 -5.10029 -194.71590
-220.57127 -219.51667 -3.92746
-204.58470 -209.11726 -6.05450
-2.84979 -47.65274 -65.76559
-273.28223 -241.77957 -8.66964
-237.63481 -5.00714 -227.47040
-2.31426 -57.17906 -55.85714
-296.39558 -254.67328 -7.10665
-223.76143 -4.32800 -221.26583
-217.37508 -3.75585 -218.64950
-230.97979 -5.48830 -223.68158
-204.40794 -210.56775 -4.62842
-1.10833 -54.53133 -57.94095
-264.97035 -7.45996 -239.48477
-3.75218 -58.10690 -55.56828
-203.58011 -4.08724 -211.34155
-198.40730 -207.02466 -5.46045
-161.43760 -4.99840 -189.00393
-220.72225 -218.94112 -4.50181
-174.22715 -7.19498 -192.98912
-168.39104 -189.89832 -7.24462
-1.96381 -50.16520 -62.84450
-165.83117 -4.23687 -192.00238
-149.37006 -6.20195 -181.54202
-4.63449 -62.97283 -51.40495
-3.08097 -62.90328 -50.52680
-191.22581 -201.98268 -6.45953
-231.21254 -222.80787 -6.31233
-2.94730 -57.42665 -55.87788
-165.52126 -4.92643 -191.06503
-298.47902 -6.30230 -257.10784
-206.68498 -3.76266 -213.13828
-227.78522 -3.96397 -223.69707
-197.86605 -5.38769 -207.12929
-220.00931 -7.06082 -216.41662
-222.79272 -217.84012 -6.76958
-210.37963 -4.69884 -214.33483
-197.21449 -3.81133 -208.31106
-292.37650 -10.30843 -249.86225
-4.93636 -48.43536 -66.12080
-2.29265 -59.03028 -53.95443
-1.45121 -58.00167 -54.63449
-3.86936 -56.03691 -57.85414
-214.23309 -3.92128 -216.90200
-191.16819 -202.66121 -5.86546
-201.70288 -209.40067 -4.65718
-227.00540 -220.75206 -6.24481
-241.53933 -6.31246 -228.48190
-240.15350 -5.02752 -228.85529
-222.14634 -218.50456 -6.11308
-5.58581 -59.02968 -55.61552
-213.50005 -215.57540 -4.32219
-191.50975 -204.69742 -4.10882
-6.26460 -60.95171 -54.29843
-301.22292 -6.26534 -258.66361
-186.24010 -4.10845 -202.36065
-159.80225 -7.21493 -185.68673
-241.81972 -4.32427 -230.62484
-222.26512 -4.05224 -220.88920
-205.06063 -210.50954 -5.15773
-4.68294 -51.37803 -63.01692
-226.86055 -4.79406 -222.30189
-188.57072 -4.02323 -203.80898
-2.00050 -57.07920 -55.95543
-2.82821 -57.79897 -55.53758
-5.43467 -46.84623 -67.84038
-1.23560 -58.51878 -54.07527
-253.13754 -234.78109 -5.53584
-210.20869 -4.31999 -214.46817
-165.49598 -5.41570 -190.73555
-2.30650 -54.44726 -58.70785
-2.70795 -61.95762 -51.40114
-221.10790 -219.97995 -3.91229
-192.67265 -5.46334 -204.13720
-233.82578 -4.07969 -226.64288
-1.99676 -59.40922 -53.60255
-1.03736 -54.83767 -57.61734
-1.73238 -55.51259 -57.37029
-211.95587 -214.95827 -4.23232
-4.31102 -60.06635 -54.10815
-196.39439 -207.27067 -4.17769
-198.63665 -6.54659 -206.09904
-252.29276 -6.15147 -234.09197
-1.29620 -54.86601 -57.70013
-3.33557 -56.75434 -56.81028
-230.35736 -223.90991 -4.57072
-240.83349 -7.15996 -227.23490
-2.16813 -49.11237 -63.96378
-223.06315 -218.62628 -6.27983
-1.50083 -55.32929 -57.36331
-3.57106 -60.78625 -53.03946
-253.82725 -5.36328 -235.62366
-162.18513 -187.06743 -6.65047
-242.80318 -5.16150 -230.12701
-155.44791 -7.73773 -183.23186
-1.18632 -59.97001 -52.56186
-126.75751 -6.50467 -169.92000
-3.82639 -55.00194 -58.99732
-139.33987 -5.74686 -177.01831
-140.88365 -176.40914 -6.93140
-3.00752 -50.79175 -62.61189
-210.76081 -213.97331 -4.69266
-238.73077 -4.34739 -229.02374
-2.46160 -51.30394 -61.88302
-1.66273 -50.06342 -62.71589
-210.67680 -214.04565 -4.42114
-222.92418 -220.62290 -4.14691
-4.73419 -60.68078 -53.68838
-3.40489 -49.31060 -64.37935
-2.48104 -54.32395 -58.96442
-6.46274 -56.71552 -58.41429
-117.73285 -8.02398 -163.97958
-1.61423 -53.62389 -59.20181
-175.81999 -195.39054 -5.44252
-210.08928 -5.12793 -213.36589
-168.99013 -8.50061 -189.44701
-1.60967 -52.85967 -59.95185
-164.32160 -190.32141 -4.73401
-1.71285 -56.91247 -55.96048
-2.09222 -60.57644 -52.46884
-2.92505 -53.44553 -60.07749
-233.28477 -4.18271 -226.39372
-2.36588 -61.13376 -51.99134
-1.82502 -62.91468 -49.93772
-248.03578 -4.41826 -233.60009
-184.73690 -6.80139 -198.97429
-221.96523 -5.05116 -219.46992
-1.22940 -58.43477 -54.08435
-141.94877 -176.97746 -6.77836
-2.49827 -48.79617 -64.37262
-227.26721 -5.47027 -222.17983
-1.83530 -55.21840 -57.74694
-185.49535 -6.53333 -199.45344
-198.34628 -4.33548 -208.33518
-254.26172 -234.83079 -5.65926
-186.69734 -7.58727 -198.98058
-294.71410 -254.11267 -6.75490
-178.49186 -196.48428 -5.65975
-6.52870 -43.35791 -72.00221
-191.15999 -6.75088 -202.36609
-1.06061 -57.82350 -54.68213
-179.40381 -4.57962 -198.71686
-242.80698 -229.43272 -5.21313
-188.64082 -6.32317 -201.42240
-1.98495 -52.28793 -60.62864
-2.69344 -52.35341 -60.86995
-251.85179 -4.87802 -234.95692
-2.06051 -51.57755 -61.35217
-3.05830 -62.72647 -50.67550
-163.14228 -188.77035 -5.86497
-197.38862 -206.29855 -5.32201
-209.45821 -212.81965 -5.16136
-1.22934 -52.25475 -60.28128
-1.41482 -60.89279 -51.75662
-178.30641 -4.19878 -198.34886
-202.55382 -210.00762 -4.59531
-296.95189 -256.02852 -6.31947
-199.93838 -7.01730 -206.67822
-2.67571 -53.64090 -59.74889
-222.66946 -6.16194 -219.17685
-2.59446 -51.79864 -61.57484
-1.59712 -55.24714 -57.57631
-203.86362 -210.74367 -4.27189
-208.80865 -3.95365 -214.00894
-225.25128 -221.34590 -4.74841
-229.76722 -3.97526 -224.82097
-4.19182 -64.74016 -49.38010
-1.32322 -60.91044 -51.67985
-3.77285 -52.79511 -60.94524
-184.69143 -200.07719 -5.44953
-5.50795 -57.59715 -57.05686
-211.86214 -213.17165 -5.78549
-220.57944 -6.11989 -218.19100
-125.19868 -167.88149 -7.22450
-193.90709 -205.45552 -4.67848
-163.97043 -188.87782 -6.11428
-196.98358 -10.34050 -202.18990
-228.90481 -221.29153 -6.67925
-250.30321 -233.01670 -5.43443
-2.05941 -63.47051 -49.51778
-2.20177 -61.18369 -51.83222
-5.40675 -67.26886 -47.48168
-2.94882 -65.82907 -47.59066
-271.63006 -5.34731 -244.76529
-204.93219 -4.72527 -211.47956
-266.72868 -5.93148 -241.73779
-145.97741 -176.41964 -9.18534
-210.11784 -5.57053 -213.14105
-1.50146 -53.10879 -59.66345
-191.10745 -4.13903 -204.85192
-274.11522 -244.17978 -6.51049
-234.65720 -226.55228 -4.12383
-0.96911 -57.05635 -55.37182
-2.02557 -62.00889 -50.87533
-5.21620 -47.97242 -66.46931
-1.27600 -59.54126 -53.05180
-252.73661 -5.08854 -235.20649
-183.35242 -5.52121 -199.59891
-104.35692 -10.29858 -154.58515
-245.91184 -231.42257 -4.99698
-220.62868 -219.73112 -3.85165
-3.04389 -55.18991 -58.29137
-5.61201 -62.99133 -51.76684
-234.74969 -225.78582 -4.74800
-210.36853 -8.11513 -211.06129
-180.81687 -4.13607 -199.65983
-212.19498 -214.76489 -4.38365
-255.47313 -4.61590 -237.04124
-1.59425 -56.65627 -56.11551
-1.99593 -56.36637 -56.65526
-203.60694 -5.45863 -209.79645
-1.68295 -60.80132 -51.98286
-259.75350 -7.42218 -236.80524
-132.54290 -6.45877 -172.87416
-287.59981 -6.66890 -251.52480
-198.53818 -206.33347 -5.88487
-203.93227 -7.10181 -208.31313
-1.45468 -52.88481 -59.85173
-5.36225 -56.80993 -58.06399
-199.99445 -205.98753 -6.87487
-250.89026 -4.67885 -234.60996
-3.85768 -58.71071 -55.25780
-188.83291 -7.36041 -200.69317
-2.07336 -60.67512 -52.22515
-294.87608 -255.53600 -5.69285
-2.02694 -58.95555 -54.08466
-277.96059 -244.02901 -8.95973
-248.22739 -4.57179 -233.57925
-188.30186 -200.86151 -6.69176
-206.57400 -212.21391 -4.14233
-2.00522 -51.34681 -61.66542
-3.00313 -62.55766 -50.81348
-1.42441 -54.84322 -57.84225
-2.45383 -53.33899 -59.72880
-3.87188 -59.25295 -54.48788
-3.05908 -59.64754 -53.85410
-285.41739 -250.62030 -5.66798
-1.99933 -51.36681 -61.50830
-1.34906 -52.73485 -59.89077
-7.07540 -59.09201 -56.27304
-193.17043 -4.37672 -205.63800
-146.02794 -178.32600 -7.70238
-210.48251 -7.35215 -211.55342
-233.42462 -4.96974 -225.59587
-1.39363 -51.26196 -61.36575
-222.18577 -219.86891 -4.53614
-1.55711 -57.35092 -55.34615
-4.64211 -64.81117 -49.41157
-240.51747 -4.43230 -229.75913
-236.28567 -226.65302 -4.94723
-158.21619 -187.23775 -4.70956
-3.30132 -62.51202 -50.94701
-1.23838 -52.74489 -59.82447
-221.31996 -5.02419 -219.37630
-185.25903 -199.08584 -6.43925
-1.37684 -54.78953 -57.89126
-202.12879 -208.05167 -6.19499
-256.74777 -236.74905 -5.08492
-211.55516 -213.43300 -5.70074
-160.17700 -6.95802 -186.48405
-246.79268 -5.17606 -232.16324
-1.70961 -59.16361 -53.57521
-3.10681 -66.43908 -47.07121
-2.49521 -60.85713 -52.44519
-2.00707 -60.14948 -52.70434
-228.03468 -5.41471 -222.42497
-234.30526 -5.86717 -224.82907
-182.96616 -199.28404 -5.16521
-183.97867 -200.31202 -4.68001
-254.37762 -236.43614 -4.31972
-214.00038 -5.36846 -215.46952
-212.47584 -215.03877 -4.30900
-2.70644 -55.90872 -57.48758
-187.95011 -5.19401 -202.12207
-2.55268 -60.09254 -53.10818
-216.62857 -215.52640 -6.33634
-155.11605 -5.02543 -185.72155
-190.21945 -203.45027 -4.91754
-198.57319 -205.85609 -6.73086
-296.19294 -5.90402 -256.53876
-210.68088 -3.84944 -215.11808
-272.32988 -244.58245 -5.22235
-215.30537 -215.09207 -6.07990
-2.07092 -56.63118 -56.30648
-270.95071 -7.17253 -242.18554
-201.30186 -4.43360 -209.96509
-200.67889 -208.71002 -4.69790
-1.98239 -58.35533 -54.61582
-5.67845 -67.09331 -47.65823
-203.12295 -210.49104 -4.34173
-3.07613 -51.38896 -61.97177
-243.61886 -5.76753 -229.88049
-146.12151 -179.97767 -6.01862
-218.26560 -217.44329 -5.01759
-193.82629 -203.66864 -6.17406
-3.49739 -59.01141 -54.84986
-204.27802 -211.16756 -4.01797
-153.42403 -183.17849 -6.63932
-1.93337 -61.69289 -51.13792
-250.42473 -5.19457 -233.87420
-221.36839 -5.23640 -219.22178
-1.33758 -58.08644 -54.58821
-2.71387 -56.80843 -56.35448
-202.92182 -4.41918 -210.75637
-237.40888 -3.88691 -228.69791
-1.76499 -54.38192 -58.35226
-6.55059 -68.01221 -47.02819
-255.71024 -4.95354 -237.07636
-221.74493 -4.95916 -219.80865
-215.57931 -4.92312 -216.51770
-260.65227 -6.21005 -238.09652
-124.47472 -7.57681 -167.55814
-192.32557 -10.11474 -200.09360
-224.38983 -220.25330 -5.35132
-170.14263 -4.63699 -193.66687
-2.25827 -54.93496 -58.09421
-209.44218 -211.01907 -6.96015
-254.13411 -5.97327 -234.84837
-225.87703 -4.90668 -221.92395
-176.56344 -4.57650 -197.18776
-182.51787 -199.95324 -4.48287
-3.20653 -60.02163 -53.40940
-263.26502 -239.54719 -5.42855
-175.92357 -195.81753 -5.14400
-225.03524 -221.39756 -4.29489
-251.89553 -233.99988 -5.67154
-209.93683 -4.83494 -213.94406
-5.41806 -62.96260 -51.87909
-247.14504 -4.15619 -233.33395
-286.08941 -5.83302 -251.52504
-309.59653 -260.59008 -7.86218
-189.41822 -203.35674 -4.37227
-165.62582 -191.04567 -4.74719
-4.22542 -59.16628 -54.84296
-290.34983 -251.12474 -7.54732
-266.18794 -5.33039 -241.67280
-229.43333 -223.75160 -4.15345
-258.91931 -237.20708 -5.77569
-205.78402 -3.86515 -212.68158
-253.65349 -5.53433 -235.45705
-6.00724 -51.90110 -62.98981
-192.06857 -205.33247 -3.75071
-266.86608 -6.20778 -241.04505
-3.02065 -50.64721 -62.81560
-3.07071 -64.76777 -48.79375
-176.83988 -194.89813 -6.53287
-233.04575 -225.03888 -4.82340
-271.36667 -9.39843 -240.26823
-239.58005 -225.65335 -7.89518
-194.53953 -5.24049 -205.49210
-146.92852 -6.45094 -180.18203
-1.72853 -62.63705 -50.16502
-257.32866 -7.53521 -234.80248
-3.18086 -60.54042 -52.86103
-146.06311 -5.95368 -180.43770
-223.79119 -218.39583 -6.80541
-2.67290 -57.36189 -56.03369
-318.59751 -8.92487 -264.59203
-277.44397 -245.86974 -6.61430
-271.35444 -243.22822 -5.95163
-202.13700 -10.32717 -204.18699
-3.43756 -52.74417 -61.10814
-173.51606 -194.68326 -4.98464
-2.40433 -64.94408 -48.21556
-194.33630 -6.85273 -203.96445
-4.65474 -47.41040 -66.77883
-219.78683 -4.83912 -218.78259
-203.31133 -209.21282 -5.85985
-6.37915 -45.35536 -69.71688
-207.89867 -6.80945 -210.59777
-207.87385 -212.05222 -5.21010
-176.05025 -8.42533 -192.93057
-189.17152 -5.00388 -203.11693
-256.66191 -236.13432 -5.75364
-178.50669 -197.92961 -4.43798
-241.08591 -229.46563 -4.38408
-231.56757 -224.54045 -4.48152
-1.86472 -61.05356 -51.89599
-2.61503 -56.19454 -57.09815
-214.69217 -5.04897 -216.11237
-206.82420 -212.67714 -3.89862
-303.31855 -259.50356 -6.00734
-1.61302 -59.40528 -53.26763
-256.08419 -4.43264 -237.67004
-2.60789 -49.52438 -63.77900
-196.35847 -206.34881 -5.02426
-170.52464 -4.41517 -194.17220
-245.47439 -7.62620 -229.21411
-200.77029 -6.27913 -207.43169
-269.51871 -243.12630 -5.42399
-6.32074 -52.29204 -62.85503
-2.91683 -52.46629 -60.97375
-207.76033 -4.25881 -213.11382
-219.97284 -218.64014 -4.46339
-191.10794 -5.74903 -203.33457
-319.65379 -7.99387 -266.23240
-252.60039 -6.19274 -234.28148
-244.34316 -229.21889 -6.17445
-5.40764 -54.81072 -59.65816
-203.66844 -4.85023 -210.59872
-222.80292 -219.84800 -4.81713
-224.06816 -221.34878 -4.01215
-251.99483 -234.75900 -4.55810
-2.93664 -57.48201 -55.80352
-209.19852 -5.11546 -212.93161
-1.41232 -57.96941 -54.73611
-131.24448 -171.04508 -7.17156
-282.73029 -246.83859 -8.00590
-164.22621 -6.05573 -189.15917
-247.68344 -4.93832 -232.82647
-246.13449 -230.11450 -6.57674
-2.00873 -55.32392 -57.64367
-254.28813 -4.35432 -236.77896
-237.73136 -227.33894 -4.96714
-2.38387 -58.98365 -54.24713
-241.86509 -4.41432 -230.36364
-222.23197 -218.38473 -6.00945
-218.47688 -218.47740 -4.05772
-212.15272 -214.04517 -5.32968
-224.49216 -219.84383 -5.60908
-3.68737 -52.89430 -60.86611
-220.64289 -219.37161 -4.27677
-2.68585 -54.65897 -58.65830
-286.32357 -249.04558 -7.61286
-290.36297 -6.95734 -252.31185
-1.95379 -63.01851 -49.88405
-1.26053 -58.88865 -53.70388
-142.98651 -177.19258 -7.23143
-215.93965 -5.66672 -215.97285
-2.38444 -50.77425 -62.40901
-286.72577 -250.94508 -6.03311
-257.27470 -5.81465 -237.10422
-229.88507 -3.99218 -224.71980
-232.48318 -4.51431 -225.71878
-263.21044 -8.02200 -237.29256
-221.79835 -4.13698 -220.51175
-3.77514 -65.11887 -48.71995
-218.40363 -5.29375 -217.71900
-1.89364 -53.33849 -59.57769
-1.59696 -54.68856 -58.02178
-2.11605 -61.75348 -51.26122
-3.39030 -63.74610 -49.88170
-222.51548 -3.73303 -221.22755
-271.36493 -244.42232 -4.97586
-200.20570 -4.77219 -208.81825
-232.56042 -4.69097 -225.55533
-175.47996 -8.03315 -193.44368
-246.80874 -227.19993 -9.99861
-212.18612 -215.59179 -3.72847
-208.24301 -3.68553 -214.13144
-4.77151 -68.95275 -45.31274
-309.01046 -6.68955 -262.11758
-184.72791 -200.30487 -5.33218
-238.77189 -6.03487 -227.01246
-159.45421 -4.95231 -188.09612
-1.71669 -57.79315 -55.00918
-260.77793 -4.86582 -239.49840
-169.23996 -5.14288 -192.63180
-2.90791 -61.67733 -51.63081
-5.02268 -60.18226 -54.42722
-221.52109 -219.21442 -4.99828
-2.10667 -56.50236 -56.54937
-1.83032 -58.02908 -54.83186
-278.14662 -8.15045 -245.26374
-2.90889 -52.67859 -60.65819
-1.30835 -57.27782 -55.35118
-284.64276 -7.16718 -249.49609
-268.10684 -10.17400 -238.44493
-1.74932 -52.69574 -60.15103
-208.48445 -5.73829 -212.38898
-203.18936 -3.72076 -211.55008
-289.53150 -5.82183 -253.21790
-2.12986 -57.62494 -55.29516
-237.59078 -226.12547 -6.10307
-192.31267 -204.28120 -5.19302
-2.41789 -55.16685 -57.96274
-206.36557 -212.01779 -4.18339
-3.07106 -48.80971 -64.59010
-194.43139 -4.24533 -206.45189
-245.04332 -230.53282 -5.19454
-212.31667 -213.67387 -5.42640
-224.91610 -217.67732 -7.65841
-216.43949 -215.53728 -5.96603
-203.59027 -5.59112 -209.62807
-223.36961 -3.84856 -221.68663
-3.02810 -62.06043 -51.50747
-3.23316 -54.79313 -58.91988
-2.66825 -62.87549 -50.39013
-1.45128 -56.93732 -55.65021
-221.15573 -6.58407 -217.45551
-223.20965 -4.60028 -220.65803
-261.32127 -239.56769 -4.62918
-265.81294 -241.31225 -5.06057
-3.38929 -62.74717 -50.80522
-227.74557 -5.30077 -222.39128
-3.69813 -46.76036 -67.11079
-178.44490 -196.68240 -5.44717
-2.25844 -59.81826 -53.37062
-1.69839 -52.42886 -60.39593
-205.79543 -5.83332 -210.49654
-5.00051 -52.34469 -62.01509
-2.54562 -62.29674 -50.81066
-2.50612 -50.44578 -62.81585
-221.20709 -216.80468 -6.69915
-257.26458 -237.24932 -4.78491
-194.21345 -206.06953 -4.09488
-172.12937 -4.71228 -194.74380
-1.39055 -52.16580 -60.51302
-164.52851 -190.37155 -4.74768
-175.43717 -4.60833 -196.47743
-225.58981 -4.81256 -221.61244
-276.67432 -244.04227 -7.90052
-245.60111 -232.03319 -4.27297
-226.83707 -4.40849 -222.71885
-186.53221 -201.83475 -4.58405
-4.52434 -52.47283 -61.73558
-3.18284 -57.01332 -56.52849
-2.48408 -65.49902 -47.67041
-148.66652 -5.26039 -182.27970
-213.27255 -5.76757 -214.38848
-215.71651 -216.54778 -4.44441
-218.35149 -5.85565 -216.74425
-126.04785 -6.74252 -169.15386
-1.78876 -58.15165 -54.71955
-219.10786 -8.52272 -215.15361
-174.65143 -4.35979 -196.47735
-177.36916 -195.01829 -6.63161
-193.46052 -205.85151 -3.91083
-144.89670 -179.13607 -6.05544
-208.33256 -3.70614 -214.05972
-158.43857 -4.77531 -187.68760
-196.87618 -205.80464 -5.55245
-239.63336 -227.94347 -5.09802
-1.93251 -56.15270 -56.74424
-2.73798 -53.19400 -60.11734
-4.22378 -62.10676 -51.84783
-237.96854 -227.19480 -5.34237
-228.49269 -223.22358 -4.50325
-4.77829 -54.96137 -59.47168
-192.22557 -8.74506 -200.97155
-234.55541 -224.98894 -5.57053
-183.71668 -4.58146 -200.65766
-200.09835 -4.81171 -208.84553
-174.79353 -7.11303 -193.34062
-174.27695 -195.94026 -4.15856
-3.00380 -53.28235 -60.14153
-1.15587 -56.14226 -56.31886
-190.65958 -4.58183 -204.41047
-1.66432 -51.58376 -61.20608
-4.02340 -55.02670 -59.10915
-211.62082 -214.62667 -4.54446
-300.38020 -258.24529 -5.81513
-3.17043 -59.61356 -54.06867
-246.78144 -232.57616 -4.20459
-3.35202 -57.19340 -56.29538
-186.51799 -4.68674 -202.18805
-216.40503 -6.92265 -214.91943
-1.73288 -52.04634 -60.74569
-165.14327 -5.44330 -190.46689
-220.19550 -218.65821 -4.90308
-166.17977 -4.55469 -191.82561
-166.38449 -5.46064 -190.90900
-134.44933 -5.86967 -174.43102
-260.82602 -238.63954 -5.27588
-199.61494 -6.52732 -206.76262
-202.91139 -210.00023 -4.58118
-258.75136 -7.30211 -235.74811
-3.46833 -63.55115 -50.05982
-219.79836 -6.67105 -216.68123
-300.26305 -8.88943 -255.89500
-216.39435 -4.59562 -217.48522
-205.51845 -5.22760 -211.27764
-184.49351 -199.31481 -6.15733
-196.49074 -204.99580 -6.04400
-4.29488 -62.24099 -51.73392
-4.82726 -64.60059 -49.77600
-251.80827 -4.88382 -235.11107
-261.27593 -238.22283 -6.11904
-214.23261 -215.08528 -5.40780
-195.78784 -3.90610 -207.44756
-192.86553 -202.66432 -6.83310
-155.63566 -185.13781 -5.60259
-1.38009 -58.81534 -53.78501
-212.89368 -215.21390 -4.55463
-4.26473 -47.75256 -66.28292
-244.57189 -229.97475 -5.49400
-182.60147 -198.19926 -6.33280
-3.43574 -62.40488 -51.34257
-179.24980 -5.68689 -197.18063
-5.63300 -58.10000 -56.68628
-2.19041 -53.23838 -59.87795
-215.97458 -3.76805 -217.88306
-190.41749 -7.08117 -201.60757
-131.60660 -7.72548 -170.91198
-1.18468 -54.53285 -58.02329
-181.72703 -5.64612 -198.50941
-1.41972 -56.64650 -55.92519
-0.97647 -57.01356 -55.39138
-2.20745 -54.70906 -58.47254
-4.76822 -62.37045 -51.87681
-163.73907 -8.79126 -186.32594
-133.28854 -7.19239 -172.46666
-4.43712 -57.76820 -56.27366
-166.43391 -4.86439 -191.53948
-220.33704 -218.32251 -5.09608
-148.05055 -5.21120 -182.08388
-196.47928 -7.06591 -205.09497
-281.01343 -248.64015 -5.66521
-181.05203 -197.02992 -6.39436
-224.22934 -7.62159 -217.88997
-197.38355 -206.77152 -5.06058
-251.30390 -233.69146 -5.48033
-214.45225 -3.78007 -217.15215
-2.04494 -51.24054 -61.83063
-1.62475 -56.52882 -56.28182
-172.15180 -191.92148 -7.34009
-324.88526 -269.57782 -6.84039
-168.47057 -191.00162 -5.99062
-2.64543 -61.69937 -51.67290
-2.31834 -59.20340 -53.95154
-247.35779 -231.60676 -5.56880
-1.83661 -55.49190 -57.44052
-171.43532 -194.37046 -4.27437
-2.20703 -59.69288 -53.28100
-258.75320 -233.52890 -9.11887
-185.22491 -4.23551 -201.87104
-236.03631 -5.91639 -226.17922
-145.37572 -7.16759 -178.94463
-227.62867 -4.90358 -222.64245
-2.89128 -50.77698 -62.56313
-2.34564 -53.68502 -59.51244
-180.61119 -199.40429 -3.90586
-246.85467 -4.42560 -232.80950
-281.20105 -7.88896 -246.70217
-4.40904 -56.12382 -58.12039
-2.47499 -55.03567 -58.07773
-5.50743 -69.50151 -45.32616
-146.49070 -178.91505 -7.19313
-275.97425 -246.35167 -5.43568
-2.41057 -55.20158 -58.06723
-1.61700 -58.20433 -54.46482
-195.35598 -206.53540 -4.17268
-220.17652 -6.29296 -217.40409
-192.75986 -204.07814 -5.29547
-265.38352 -240.60720 -5.64351
-3.05125 -62.51472 -50.87905
-2.35673 -63.76716 -49.29360
-223.12459 -220.66044 -4.32821
-159.17296 -187.54094 -5.02965
-185.89231 -5.55525 -200.77829
-167.00113 -191.36504 -5.11047
-231.52194 -5.68913 -224.19241
-292.63365 -6.28879 -254.43485
-273.28720 -245.21663 -5.00721
-2.56460 -51.05422 -62.14863
-198.76761 -207.65359 -4.77442
-200.83281 -208.73629 -4.90928
-235.31277 -226.97898 -4.13466
-176.80491 -194.14232 -7.06735
-173.27996 -5.66064 -194.56514
-3.15311 -49.20719 -64.27333
-147.93663 -5.96338 -180.99061
-1.13070 -55.42792 -57.06253
-166.45341 -190.69517 -5.55602
-137.50306 -7.01985 -174.84982
-235.40770 -6.69731 -224.72661
-209.86783 -5.80483 -212.75575
-277.94943 -245.41701 -6.86898
-1.85702 -59.63623 -53.28007
-247.35307 -231.49256 -5.71639
-1.48776 -52.63418 -60.05974
-218.09148 -4.34998 -218.33769
-1.29857 -58.51812 -54.11951
-239.92129 -227.70821 -5.44393
-194.16782 -5.28656 -205.08655
-222.47826 -3.92877 -221.01521
-196.39364 -205.58291 -5.46282
-166.45568 -191.54818 -4.58887
-233.56844 -4.56770 -226.13574
-1.95673 -61.49605 -51.35503
-190.49694 -4.39958 -204.24051
-225.17717 -221.63109 -4.26310
-1.43031 -61.41810 -51.22976
-314.01055 -261.08138 -9.98469
-2.37227 -48.28063 -64.81525
-245.38262 -231.79553 -4.37942
-302.84079 -7.22858 -258.31433
-277.40728 -245.75012 -6.32398
-4.71421 -55.15423 -59.15674
-185.75416 -3.92840 -202.36832
-2.36682 -52.57826 -60.57209
-213.10090 -215.14014 -4.60064
-146.76174 -180.60404 -5.70337
-179.96012 -4.39407 -198.97458
-237.09712 -227.19994 -4.54486
-222.81148 -5.95149 -219.38972
-2.71506 -58.40436 -55.01668
-1.71515 -59.09186 -53.74895
-2.70827 -56.35385 -56.95965
-202.86470 -4.51291 -210.46671
-217.96036 -215.69709 -6.24025
-1.32006 -57.81754 -54.80503
-2.31747 -62.14958 -51.04311
-5.87139 -71.57083 -43.19977
-209.66132 -4.40029 -214.24624
-139.91916 -176.47107 -6.36508
-244.92259 -230.61009 -5.16556
-2.38556 -58.29697 -54.75970
-222.66693 -7.27731 -217.53975
-1.77076 -54.93087 -57.82727
-211.18332 -214.00819 -4.74071
-1.45675 -54.30107 -58.39673
-204.27252 -211.32899 -3.90641
-3.22155 -55.33190 -58.15633
-214.42493 -5.69145 -215.04917
-127.08357 -10.31692 -165.86066
-206.49333 -211.05453 -5.57977
-1.12168 -58.91545 -53.57752
-295.47798 -254.16122 -7.12072
-7.97515 -62.53490 -53.41178
-211.04866 -9.45873 -209.65179
-206.22540 -6.49378 -209.99508
-200.18852 -209.29228 -3.98267
-157.08781 -184.33712 -7.39484
-133.60201 -171.73128 -7.79551
-219.55727 -219.36319 -3.65649
-179.82076 -5.29120 -198.27554
-188.27880 -202.36612 -4.69984
-2.46517 -60.14497 -52.94972
-4.22312 -57.47364 -56.59417
-238.91769 -4.11383 -229.17327
-287.54205 -7.09249 -250.83386
-214.88563 -4.18158 -216.96797
-203.73626 -4.44923 -211.11381
-209.77668 -3.97482 -214.66840
-227.28329 -4.23544 -223.31510
-186.10602 -202.20514 -3.94536
-214.84178 -6.41050 -214.75439
-173.82641 -194.17302 -5.97828
-1.54743 -54.53944 -58.18890
-1.69668 -57.10180 -55.64166
-2.54355 -65.59367 -47.62625
-2.62965 -56.26652 -56.95534
-221.35851 -6.59702 -217.96818
-294.23669 -7.58326 -253.70426
-2.80376 -50.64031 -62.61776
-223.46274 -4.12895 -221.23573
-214.98562 -216.05802 -4.73235
-206.51389 -5.99501 -210.65481
-1.54271 -55.95380 -56.67638
-240.86964 -227.42286 -6.32230
-1.83859 -51.02242 -61.87863
-176.35653 -191.66636 -9.04944
-3.15779 -55.38979 -58.04718
-3.68561 -53.02288 -60.85493
-2.86930 -52.14384 -61.26032
-178.40108 -197.56826 -4.81651
-179.21773 -5.11133 -198.05097
-189.59390 -203.74745 -4.20928
-1.43467 -58.69851 -54.00561
-267.18486 -241.98021 -5.31129
-1.21648 -52.77446 -59.74930
-3.78105 -47.93436 -65.98360
-1.67288 -55.61200 -57.25983
-2.14142 -64.24467 -48.75596
-212.56622 -5.23032 -215.00627
-210.49149 -5.02815 -214.10198
-2.01108 -54.16612 -58.74916
-232.54253 -7.83321 -221.95811
-209.55445 -213.79993 -4.26092
-1.76598 -56.57857 -56.25985
-3.80940 -62.56482 -51.43289
-162.40465 -4.75177 -189.61614
-232.12215 -224.12208 -5.21633
-236.06412 -224.79404 -6.70909
-1.48145 -52.14172 -60.53653
-245.80897 -5.75761 -231.12745
-233.67618 -226.13675 -4.15898
-3.47983 -62.09332 -51.73056
-166.48609 -8.42923 -188.40843
-3.38244 -60.55149 -53.21163
-204.59179 -6.71571 -209.02101
-7.01394 -68.37550 -47.05804
-252.04062 -4.36904 -235.68918
-197.83731 -205.58936 -6.11072
-140.68526 -6.90237 -176.52636
-214.64481 -4.39935 -216.67033
-2.88037 -52.33159 -60.99853
-247.02088 -232.21761 -4.71171
-233.58071 -224.21554 -6.02539
-196.75437 -7.69112 -203.96658
-2.17156 -58.23298 -54.78323
-1.80575 -62.01222 -50.80256
-1.71907 -56.91352 -55.81175
-177.09488 -6.57819 -195.61478
-264.90528 -241.03729 -4.90525
-209.12288 -210.28920 -7.82531
-2.28196 -62.37468 -50.76181
-186.23768 -199.62300 -6.76861
-6.05990 -59.47708 -55.72728
-1.24188 -53.11631 -59.50130
-207.84284 -213.07453 -4.13029
-2.76162 -58.43374 -54.78464
-177.47653 -195.56356 -5.92252
-210.67139 -5.93805 -212.84964
-1.98122 -56.07063 -56.87361
-270.48447 -6.57261 -242.96558
-192.20829 -203.10058 -5.90249
-3.36120 -59.74777 -53.90087
-6.30892 -54.37569 -60.87317
-4.20237 -50.27472 -63.65628
-218.96898 -218.92544 -3.77025
-244.46930 -230.20814 -5.59427
-253.06268 -4.96968 -235.57096
-5.29052 -63.86734 -50.70316
-187.79969 -5.56951 -201.78625
-177.26063 -197.37078 -4.16394
-185.50698 -201.03749 -4.82368
-195.85103 -5.80258 -205.64484
-2.12994 -56.63550 -56.41020
-231.00061 -225.00950 -3.79690
-2.17842 -60.48907 -52.63429
-4.53336 -56.98330 -57.29405
-169.42507 -4.58614 -193.55535
-214.59369 -4.58122 -216.58412
-2.84635 -47.56547 -65.77532
-309.55450 -260.90975 -7.78689
-301.30585 -7.62341 -257.66390
-163.19646 -189.34354 -5.11502
-1.71784 -56.68463 -56.20307
-183.57125 -200.31222 -4.59012
-218.39299 -218.52880 -3.95140
-4.01202 -67.25139 -46.73281
-2.99218 -54.73672 -58.57742
-2.30761 -51.26782 -61.75726
-1.67950 -54.72437 -58.06836
-298.33527 -7.98433 -255.24249
-1.05830 -57.38216 -55.06329
-3.01671 -64.24658 -49.22248
-1.44330 -54.34718 -58.34005
-1.59460 -59.53461 -53.13869
-259.02837 -4.73554 -238.89805
-5.17495 -46.06035 -68.51056
-1.94070 -52.92212 -60.09182
-241.03891 -4.93949 -229.27774
-4.28357 -68.71388 -45.40927
-3.05134 -65.99175 -47.42641
-248.08320 -4.77833 -233.37916
-1.79941 -49.86705 -62.97407
-175.56408 -6.52507 -194.75600
-204.49915 -208.88125 -6.72939
-2.65756 -49.72626 -63.67388
-5.21156 -53.30510 -61.21765
-311.81396 -7.94368 -262.53668
-182.02092 -7.53476 -196.89455
-2.41413 -52.15892 -60.89458
-1.47389 -60.79012 -51.88595
-5.28700 -68.15259 -46.55737
-1.29806 -56.31576 -56.33605
-216.72462 -215.73465 -5.90790
-272.55716 -241.50927 -8.05242
-268.87554 -243.03470 -5.10378
-218.23744 -215.96864 -6.33768
-1.62406 -53.06865 -59.62249
-138.05629 -167.19053 -14.59344
-179.52362 -197.24482 -5.45515
-1.58231 -53.50237 -59.26674
-138.84573 -8.68423 -173.50263
-265.28322 -241.12977 -5.16402
-194.93515 -205.68203 -4.86366
-285.80792 -250.58448 -5.91532
-201.63436 -209.84704 -4.07579
-213.94540 -5.69592 -214.79335
-2.69060 -56.46252 -56.89820
-6.05440 -49.91838 -65.18099
-213.37911 -4.09336 -216.31241
-244.10422 -5.11489 -230.70500
-2.18886 -48.76538 -64.30348
-227.74104 -5.44959 -222.02223
-1.66386 -51.83769 -60.89016
-194.06446 -5.51611 -205.03917
-5.77381 -58.00464 -56.76113
-180.26016 -196.75089 -6.23186
-166.01384 -190.29608 -5.81716
-2.49310 -63.75546 -49.45819
-325.65668 -265.87174 -10.70824
-4.68527 -62.12991 -52.22242
-219.15551 -212.48192 -10.59276
-242.66106 -229.25369 -5.45628
-1.43540 -59.59303 -53.03517
-244.12107 -231.23639 -4.18190
-193.18554 -6.09539 -204.32453
-259.49953 -238.24796 -4.99872
-273.09176 -243.55895 -6.74871
-186.03873 -200.90225 -5.23901
-285.88199 -247.62121 -8.90228
-197.39341 -207.61869 -4.11143
-144.84056 -5.76288 -179.97008
-153.81645 -182.48578 -7.38237
-291.66495 -5.81497 -254.33137
-237.20717 -227.68177 -4.37142
-203.91188 -210.91746 -4.28596
-223.62011 -221.12804 -4.03402
-199.74742 -207.40016 -5.56159
-284.82510 -5.61485 -250.99886
-211.76951 -4.09719 -215.41602
-171.96257 -6.77316 -192.55030
-3.57668 -56.02711 -57.71702
-2.27414 -56.94772 -56.13950
-2.78104 -59.55496 -53.90772
-221.45929 -5.41223 -219.03581
-2.53359 -65.48262 -47.72990
-2.38078 -55.40245 -57.80984
-262.73004 -5.39228 -240.07328
-2.29150 -57.64313 -55.52779
-237.85405 -228.06958 -4.12941
-241.98193 -229.06057 -5.56284
-247.13559 -232.50101 -4.37749
-1.24753 -57.14364 -55.44696
-205.37477 -7.06450 -209.20252
-192.57383 -205.43154 -3.95834
-210.64278 -214.00529 -4.73406
-258.15629 -7.20141 -235.92313
-1.67349 -54.85663 -57.93352
-169.61829 -4.97367 -193.21635
-182.95621 -7.99016 -196.65513
-240.83736 -4.13160 -230.13205
-185.04871 -201.03831 -4.66193
-2.27573 -55.39641 -57.68556
-1.27965 -54.42731 -58.20708
-199.84046 -3.86427 -209.68546
-208.26319 -210.37818 -7.10550
-1.14563 -54.22375 -58.30853
-220.68520 -217.37895 -6.61064
-270.68391 -9.93616 -239.75078
-290.65329 -253.20566 -5.92858
-3.19774 -60.12126 -53.36577
-184.67071 -197.15260 -7.83039
-286.94806 -250.04945 -6.91839
-215.94528 -214.51465 -6.70452
-181.39409 -5.15353 -198.73766
-187.91858 -200.66394 -6.49695
-4.22220 -61.82775 -52.30365
-245.06801 -230.10892 -5.99845
-1.16488 -54.04698 -58.49065
-1.61747 -57.76766 -55.06366
-247.03126 -4.99136 -232.29994
-2.24889 -61.91207 -51.19900
-4.11283 -56.67965 -57.26286
-190.32696 -7.77104 -201.22447
-235.38465 -226.56623 -4.60798
-164.53097 -189.13710 -5.80134
-190.71355 -4.09588 -204.82482
-258.54141 -235.35892 -7.63321
-267.92880 -6.02786 -242.17330
-6.59805 -67.31731 -47.99915
-187.51669 -200.62160 -6.16620
-197.27456 -207.18392 -4.40706
-4.41293 -66.84850 -47.28392
-1.47829 -58.78571 -53.94497
-4.43464 -52.35114 -61.77420
-214.44316 -3.84347 -217.10503
-126.97901 -168.53174 -7.59718
-261.26614 -8.36121 -235.99244
-198.40579 -5.22618 -207.57526
-247.81722 -232.36187 -5.07774
-3.18596 -61.93108 -51.68573
-203.74644 -210.27649 -4.78815
-266.69405 -9.61922 -237.79254
-315.73199 -9.99234 -262.49985
-203.74720 -209.89466 -5.34055
-295.28940 -6.80632 -255.22412
-2.96744 -57.56551 -55.73621
-211.13183 -4.29096 -215.08039
-1.23987 -58.01307 -54.48705
-1.22744 -59.44703 -53.10602
-245.95902 -232.26571 -4.14372
-4.43109 -52.78133 -61.29672
-302.22169 -7.25363 -258.47201
-246.69989 -232.37423 -4.33413
-194.90897 -203.00303 -7.32827
-3.27730 -59.16110 -54.58569
-173.26124 -4.37049 -195.67918
-222.50284 -6.09806 -218.86223
-247.25432 -5.11626 -232.34671
-217.45819 -217.47062 -4.72737
-264.67088 -4.82133 -241.46740
-1.83113 -53.36523 -59.59500
-3.50564 -59.37577 -54.16013
-3.02185 -51.06756 -62.33800
-215.87746 -5.00119 -216.63154
-230.26589 -4.10956 -224.72751
-257.38918 -4.88304 -238.01136
-206.49598 -211.85996 -4.67311
-211.06565 -4.18849 -214.95593
-161.80601 -5.90884 -188.02551
-205.92842 -4.36569 -212.21060
-241.48373 -229.40188 -4.61900
-2.41963 -56.43542 -56.74415
-2.35616 -55.15426 -57.88717
-2.45164 -57.74828 -55.37491
-202.23912 -208.48507 -6.11895
-180.93051 -196.77714 -6.84203
-5.13160 -59.82097 -54.90327
-223.20340 -218.89347 -6.25611
-206.99186 -212.48993 -4.11191
-2.57337 -57.76295 -55.47689
-284.13778 -5.62050 -250.52829
-1.09926 -53.67615 -58.85869
-240.48415 -229.46435 -4.26788
-225.50254 -221.19270 -4.92459
-216.97946 -216.56703 -5.01090
-162.20704 -188.89054 -5.08359
-210.81983 -5.09056 -213.76181
-210.35798 -5.40441 -213.39010
-205.37124 -212.04617 -3.85928
-226.43203 -221.13486 -5.44327
-214.71166 -3.76818 -217.29686
-232.79747 -5.22144 -224.88479
-2.60679 -58.23409 -54.90514
-2.50769 -50.47109 -62.80360
-4.55452 -47.81722 -66.31845
-0.96657 -54.75783 -57.64521
-222.12197 -218.52734 -5.88040
-4.72929 -59.41772 -54.94258
-2.83536 -59.44280 -54.06882
-207.17262 -6.41901 -210.61593
-201.57020 -208.43932 -5.75827
-2.61737 -58.60566 -54.76046
-1.49241 -59.59428 -53.02706
-2.04617 -53.43941 -59.53275
-172.85220 -194.13990 -5.10302
-207.96842 -4.95406 -212.59034
-265.03670 -6.06425 -240.43104
-245.41409 -5.55630 -231.34850
-4.26334 -60.71238 -53.18367
-197.70879 -4.12192 -208.14754
-230.60208 -222.54213 -5.98015
-175.73264 -4.81005 -196.62686
-2.12799 -55.69226 -57.40398
-217.60554 -4.88852 -217.67316
-1.70809 -57.24918 -55.57343
-234.98313 -5.20558 -226.05314
-2.47157 -55.83685 -57.42526
-1.70174 -51.86819 -60.98890
-271.32463 -5.75664 -244.25006
-221.61942 -4.59665 -220.00823
-239.78523 -5.18135 -228.39299
-213.93267 -215.16615 -4.86256
-2.76138 -63.55752 -49.78357
-215.86323 -217.34136 -3.91023
-2.72582 -58.00020 -55.39398
-197.91405 -208.32035 -3.70446
-191.49252 -6.19242 -202.87767
-3.52823 -63.79364 -49.94636
-223.55883 -5.57071 -219.98269
-240.82983 -5.00475 -229.44078
-298.38312 -252.89979 -9.65815
-204.45916 -210.75268 -4.52779
-257.78242 -237.43802 -5.13588
-229.87164 -221.84475 -6.34526
-207.03594 -210.64104 -6.35262
-256.46816 -236.92772 -4.90747
-2.14058 -51.63720 -61.39315
-3.44274 -49.63105 -64.07573
-1.50765 -53.51313 -59.22244
-170.52277 -5.01231 -193.66829
-259.49038 -5.68558 -237.84572
-251.99641 -234.80633 -4.58201
-5.10008 -70.81648 -43.70445
-251.87770 -5.99603 -234.01145
-166.85269 -5.61181 -191.23493
-3.59802 -57.16386 -56.62550
-4.18839 -58.11442 -55.81463
-1.43367 -60.91516 -51.70234
-208.29428 -3.87431 -213.93310
-329.94813 -8.01502 -271.52416
-2.39670 -60.75166 -52.35360
-216.35273 -4.52691 -217.42776
-150.36762 -8.07302 -180.25422
-227.25153 -6.31943 -221.13374
-150.02656 -181.20458 -6.36601
-265.45220 -240.62108 -5.63010
-176.50081 -6.25005 -195.71519
-140.39839 -6.13590 -177.05624
-224.43822 -221.54343 -4.06520
-3.53295 -56.63556 -57.09976
-4.68178 -64.11932 -50.16256
-175.57881 -8.32211 -192.85750
-269.08646 -242.30809 -5.75214
-213.17242 -214.77816 -5.13777
-168.58092 -5.59890 -191.93458
-9.15415 -62.94773 -53.45518
-1.68216 -51.90362 -60.87314
-195.26391 -4.30061 -206.78853
-1.94473 -50.15213 -62.82507
-237.58064 -5.34491 -227.35621
-2.20523 -60.86684 -52.23160
-160.95877 -6.52637 -187.25563
-1.81854 -58.52549 -54.40773
-176.35771 -195.37901 -5.65714
-2.85580 -50.99726 -62.29894
-192.63226 -6.14599 -203.58924
-180.40219 -198.15828 -4.89066
-179.38009 -195.43759 -7.33239
-204.96467 -211.39066 -4.11748
-1.79325 -52.56073 -60.32329
-4.89199 -63.07816 -51.27073
-275.76239 -5.69321 -246.42954
-206.45839 -211.44980 -4.94425
-1.47174 -53.63044 -59.07675
-323.89886 -7.96962 -268.57371
-236.98977 -226.07851 -5.55543
-206.21130 -212.23784 -4.19072
-258.09693 -237.15391 -5.18817
-2.74363 -53.44621 -59.90528
-219.97673 -5.74104 -218.03366
-213.80289 -4.51869 -216.22984
-3.34558 -52.26764 -61.39726
-262.55032 -5.95276 -239.27038
-184.09163 -198.86755 -6.48167
-1.17641 -52.50457 -60.03697
-184.18247 -200.79212 -4.20357
-181.73943 -4.19590 -200.23592
-156.01648 -185.35125 -5.39108
-259.25042 -236.77154 -6.08720
-167.28339 -5.63915 -191.35066
-246.47557 -5.35517 -231.68248
-177.25602 -4.30900 -197.72170
-199.17887 -4.56219 -208.69218
-1.32821 -51.64409 -60.95092
-230.84892 -4.48310 -224.62627
-172.43058 -193.37175 -5.53962
-199.54239 -205.78688 -7.00801
-1.14678 -56.10391 -56.39780
-247.82762 -4.61797 -233.37748
-156.84007 -6.27205 -185.18369
-326.75155 -12.68516 -264.77644
-213.30132 -214.21020 -5.79668
-197.61544 -4.16720 -208.26012
-162.66865 -4.43989 -190.14035
-6.29610 -58.10539 -56.86353
-181.99564 -6.34587 -198.21176
-269.20109 -241.80394 -6.22378
-260.34589 -5.82616 -238.44283
-204.44188 -207.93788 -7.40783
-200.56737 -3.83289 -210.06083
-4.54117 -62.62120 -51.41430
-266.57168 -241.86579 -5.17206
-251.86503 -235.17872 -4.29446
-1.08924 -54.15679 -58.29600
-2.54693 -53.32269 -59.98264
-145.58406 -180.41470 -5.12608
-5.35020 -57.34379 -57.37420
-201.61278 -209.76583 -4.16298
-236.74236 -224.63102 -7.02450
-207.22586 -211.94719 -4.86499
-230.15641 -223.97915 -4.55364
-2.22096 -56.39494 -56.69632
-178.42491 -4.26728 -198.48750
-160.19145 -188.25111 -4.78050
-237.37522 -227.45429 -4.81396
-224.85426 -4.94228 -221.22758
-212.24440 -4.23788 -215.60827
-212.78909 -4.81906 -215.48825
-232.74149 -4.96873 -225.12138
-225.78195 -6.83040 -219.65977
-243.99251 -228.51526 -7.06950
-251.25607 -234.30303 -5.00364
-251.11332 -232.58428 -6.66335
-1.56726 -57.41592 -55.24662
-3.21039 -54.33129 -59.25193
-243.70670 -225.66756 -10.11472
-271.81593 -5.17161 -244.98899
-178.50816 -5.01228 -197.67184
-230.62827 -222.32368 -6.15790
-206.96396 -3.86681 -213.25517
-4.79530 -52.78423 -61.55276
-201.70593 -8.03347 -206.80661
-231.49904 -224.49385 -4.72326
-2.86867 -52.80723 -60.55817
-185.54930 -5.38969 -200.91084
-1.68919 -57.36196 -55.35340
-191.46758 -4.94663 -204.45692
-282.45909 -7.10285 -248.22331
-258.96144 -5.08772 -238.51610
-173.72606 -194.81679 -5.16354
-2.71710 -49.70557 -63.53097
-156.65943 -4.80579 -186.77381
-2.54443 -59.21881 -53.99699
-248.31435 -231.53035 -6.12655
-176.98624 -7.09320 -195.07320
-156.78779 -184.93666 -6.29561
-195.66304 -206.42005 -4.38822
-293.41119 -6.60574 -254.64644
-2.22787 -55.05379 -58.03766
-1.61293 -56.99689 -55.83325
-171.45751 -4.98180 -194.01296
-260.16309 -235.88882 -8.00933
-234.23262 -4.41783 -226.51972
-190.61176 -204.24453 -4.14584
-210.82384 -214.46235 -4.29909
-259.20611 -238.24052 -4.82011
-224.46940 -221.73820 -3.78961
-119.26968 -163.12441 -9.39748
-207.42114 -210.44234 -6.50612
-1.45196 -57.75579 -54.83537
-287.24749 -250.34917 -7.22984
-195.46719 -6.57573 -204.73253
-6.52024 -63.03064 -52.37853
-240.75295 -4.22248 -230.07084
-307.49144 -260.98405 -6.74921
-207.66585 -211.94269 -4.89429
-3.92867 -53.98885 -60.07822
-205.31776 -4.48669 -211.59715
-175.86388 -7.71404 -193.58891
-234.37625 -225.22087 -5.59229
-1.95317 -54.49784 -58.48776
-3.29790 -50.95436 -62.51489
-210.45643 -212.81810 -5.71962
-2.30630 -60.28790 -52.83095
-3.45752 -56.94819 -56.71582
-193.87264 -205.91122 -4.22874
-3.67666 -50.61495 -63.28776
-2.00868 -55.63350 -57.40286
-276.03606 -5.82478 -246.40014
-188.60909 -5.65846 -201.91068
-203.80825 -4.63558 -210.70599
-117.01820 -163.89178 -7.22644
-137.50187 -173.47963 -7.85474
-160.85393 -5.45028 -188.07730
-230.76748 -6.03153 -223.43956
-1.79169 -58.19518 -54.58611
-236.88454 -5.44801 -227.03532
-214.39748 -212.69922 -8.17584
-277.94685 -5.81669 -247.19296
-283.87082 -7.48311 -249.01606
-197.00094 -4.30985 -207.75261
-1.89785 -57.72003 -55.19988
-3.04302 -62.33034 -51.07340
-255.36513 -4.50724 -237.27837
-198.03628 -207.80612 -4.42145
-270.76022 -244.10027 -4.79762
-279.70473 -247.38302 -5.91888
-201.15411 -5.04763 -208.86660
-202.16858 -4.38368 -210.15557
-179.07940 -4.97969 -198.13952
-240.27022 -4.29533 -229.81570
-204.71830 -3.94703 -212.04432
-1.82274 -53.80131 -59.00902
-4.04245 -47.61099 -66.45407
-170.64891 -5.61005 -193.14022
-196.59534 -206.71985 -4.62549
-178.94409 -197.69750 -4.86038
-241.41365 -6.38123 -228.56999
-149.61098 -178.03768 -9.24831
-1.75588 -56.59614 -56.16174
-287.20483 -250.95504 -6.59645
-1.06986 -55.89991 -56.59698
-230.91807 -222.99901 -5.78226
-247.81192 -231.55903 -5.79898
-243.21095 -230.58194 -4.32186
-1.57506 -52.77942 -59.92681
-195.85794 -207.06519 -3.94745
-144.51583 -5.53869 -179.78917
-2.90784 -60.04066 -53.44041
-3.99973 -68.51693 -45.40863
-262.68456 -5.01572 -240.47792
-1.11974 -55.10196 -57.37010
-151.95178 -5.76427 -183.46098
-195.61509 -205.27866 -5.81379
-210.93535 -210.19436 -8.33360
-243.98059 -4.40937 -231.52581
-2.34871 -58.55484 -54.54782
-5.30161 -60.19408 -54.30531
-176.43095 -5.56605 -195.90084
-247.31075 -6.62301 -231.27980
-182.68765 -5.65602 -198.90762
-277.79308 -8.27606 -244.79199
-250.27456 -4.90519 -234.05499
-245.95823 -5.86339 -230.99616
-2.99338 -64.92043 -48.44446
-234.00511 -222.75959 -7.50556
-1.76395 -56.36461 -56.36300
-1.50521 -60.69641 -52.03391
-181.60151 -4.55265 -199.60176
-256.22517 -237.29776 -4.39283
-220.85528 -217.96525 -5.46624
-239.98944 -229.32411 -4.17579
-1.87002 -62.01083 -50.88676
-1.52243 -53.24028 -59.42871
-308.23804 -6.47025 -262.09674
-1.72956 -53.93507 -58.82982
-1.95217 -61.60703 -51.28742
-221.32558 -218.99599 -5.17170
-187.08861 -202.66400 -3.90427
-155.11723 -183.64182 -6.73859
-3.18316 -49.87901 -63.78663
-177.60085 -4.16391 -198.12298
-169.89128 -193.34932 -4.58990
-2.28066 -55.72849 -57.24826
-1.31420 -55.36938 -57.17994
-2.02970 -59.82609 -53.07239
-207.09186 -9.64076 -207.79822
-229.71194 -3.96340 -224.60929
-170.12117 -191.64146 -6.17968
-191.31892 -203.47197 -5.01689
-190.59077 -5.46133 -203.46127
-2.15021 -55.91049 -57.13325
-172.57383 -6.78778 -193.19168
-2.00926 -51.19503 -61.78248
-217.82223 -216.87174 -5.50839
-287.44586 -251.33748 -6.06365
-1.56783 -53.22652 -59.53338
-3.64753 -58.34996 -55.55511
-223.77311 -220.04034 -5.13359
-195.22798 -3.67786 -207.46857
-309.15956 -262.00581 -6.38659
-267.49799 -241.79701 -5.51165
-2.25254 -54.95991 -57.99656
-2.08418 -55.51245 -57.49124
-207.02571 -212.07000 -4.83591
-193.33300 -204.93395 -4.82335
-294.94402 -7.29103 -254.56591
-7.96906 -50.27227 -65.56682
-1.65109 -55.14933 -57.65904
-217.62610 -3.85500 -218.71537
-4.78894 -63.86331 -50.39120
-2.39710 -63.08908 -50.11107
-250.29967 -4.61393 -234.44511
-3.26807 -51.87611 -61.85629
-233.35479 -5.05456 -225.54763
-208.23847 -5.49519 -211.98644
-219.14218 -6.80436 -216.70909
-2.89052 -63.65129 -49.68870
-1.44818 -56.30608 -56.44135
-275.99800 -7.09395 -245.07548
-244.22612 -4.10928 -231.95642
-198.14227 -201.59633 -10.54026
-194.77043 -4.99572 -205.87512
-207.25735 -212.78535 -3.91719
-3.33016 -57.11239 -56.60318
