-132.05129 -240.39829 -83.35701 
-96.92463 -163.54321 -134.69000 
-116.36029 -237.67341 -159.82649 
-51.22016 2.82122 -51.28299 
-56.63591 -1.17690 -54.59201 
-145.50064 -227.42809 -79.94907 
-52.43796 2.17391 -51.17494 
-135.06713 -243.12122 -75.95793 
-89.81339 -248.89163 -145.97570 
-96.08748 -204.25330 -150.30487 
-65.75535 -112.99023 -102.60754 
-65.97281 -8.38240 -63.11916 
-47.23274 1.40306 -48.84774 
-102.14961 -260.86433 -166.10496 
-135.67722 -212.75607 -74.48055 
-118.12335 -171.63652 -60.65458 
-57.18930 -2.48469 -57.95693 
-102.26346 -266.26734 -163.37804 
-105.69295 -231.49636 -146.83281 
-58.23676 -1.84219 -57.33629 
-126.81377 -181.11360 -73.68826 
-58.70535 0.65953 -52.74813 
-119.24902 -186.22316 -68.10178 
-95.32450 -205.58365 -149.06058 
-61.97735 -6.07862 -59.20888 
-108.80116 -237.36362 -159.21814 
-58.88955 -4.80417 -57.28317 
-79.75018 -169.20412 -132.24041 
-99.95171 -239.01565 -153.98993 
-113.40381 -319.91526 -179.34200 
-162.83727 -268.31890 -95.37849 
-59.39129 -9.50701 -66.58083 
-70.79043 -18.51584 -64.50540 
-104.51097 -117.68130 -63.03631 
-57.42774 -2.63638 -57.95304 
-57.70297 -5.20371 -62.46667 
-127.12058 -213.67211 -74.73623 
-91.85197 -179.61700 -143.34289 
-54.54045 -2.89554 -56.31006 
-60.63919 -3.09292 -49.93922 
-109.54952 -195.75922 -58.99988 
-132.57713 -184.65980 -76.36192 
-90.17936 -173.49803 -134.93455 
-103.61381 -158.07551 -47.93634 
-143.06134 -205.27303 -95.30443 
-74.27028 -126.06829 -115.34624 
-145.45396 -228.45648 -88.92305 
-141.46856 -257.38030 -81.91650 
-127.39259 -200.31051 -77.62587 
-138.40349 -238.88826 -77.15263 
-86.63151 -206.21324 -142.62157 
-76.84452 -134.86700 -120.47809 
-93.60970 -247.20355 -151.40684 
-63.08473 -5.44330 -61.59539 
-56.71265 -1.32258 -52.89029 
-57.56743 -2.13093 -54.59781 
-55.91548 -2.90457 -57.97608 
-78.97629 -160.44040 -120.51521 
-94.24745 -210.23357 -138.95716 
-95.13203 -219.65059 -143.63854 
-79.33973 -198.49206 -125.04309 
-56.90611 -0.68478 -52.27975 
-57.25264 -6.20480 -59.39381 
-109.68144 -232.42606 -157.52922 
-96.78627 -301.42568 -163.87924 
-100.87573 -250.96671 -160.63267 
-51.37251 -3.08507 -57.25431 
-104.10966 -277.10503 -167.53638 
-132.89752 -267.96090 -78.74249 
-89.38041 -219.10760 -147.28694 
-84.91875 -172.35716 -135.08941 
-96.06030 -268.59391 -160.21879 
-50.72112 1.35000 -50.42179 
-60.22274 -1.06527 -54.14066 
-52.52137 -1.42119 -58.29421 
-111.98103 -157.04036 -68.12346 
-61.74302 -1.57329 -55.37230 
-100.69065 -276.74794 -166.17150 
-87.58887 -198.31567 -133.23543 
-86.92991 -105.05860 -54.01971 
-83.46480 -178.09378 -127.17911 
-80.17396 -162.42636 -123.32012 
-58.86621 -1.87793 -56.49640 
-85.78612 -229.96272 -139.87814 
-49.82363 -2.01132 -53.10340 
-91.11032 -263.08080 -146.78213 
-54.59746 -1.13918 -54.26157 
-142.70385 -262.67532 -87.86218 
-118.00304 -305.70694 -179.43571 
-54.83229 -0.64385 -56.75384 
-113.76887 -174.28712 -63.86164 
-114.03443 -179.39746 -67.89581 
-118.38332 -193.24567 -66.53754 
-65.92475 -13.31774 -62.89765 
-118.35272 -206.41152 -65.29004 
-87.46897 -206.02322 -140.22170 
-115.55835 -176.12463 -66.35510 
-61.46325 -4.95072 -60.27548 
-87.42462 -202.37501 -142.96635 
-73.79302 -164.85183 -128.46261 
-66.23790 -7.57187 -61.36437 
-59.85456 -9.77955 -55.90764 
-122.90294 -324.34043 -189.44619 
-53.81402 1.63170 -51.29280 
-106.51378 -262.05787 -157.02344 
-90.84273 -229.07786 -151.14587 
-58.04760 -6.26195 -62.26702 
-59.39617 -5.10030 -63.14906 
-121.09835 -158.93908 -77.71231 
-73.05492 -16.04748 -65.94214 
-92.35185 -230.05494 -148.17883 
-51.16541 2.68772 -51.85828 
-129.25308 -236.62306 -82.76515 
-63.43732 -2.51402 -52.06784 
-134.96788 -219.03158 -76.30927 
-78.96227 -267.24708 -151.70583 
-111.34503 -175.71354 -67.23603 
-86.88625 -218.24639 -139.61891 
-57.06127 -1.93932 -57.17351 
-92.30193 -216.69824 -146.68231 
-88.19618 -235.24506 -150.78936 
-58.00071 -3.90566 -57.98869 
-124.71267 -198.50933 -77.89650 
-68.81923 -14.37044 -68.44888 
-123.99582 -319.12833 -187.37881 
-135.23844 -241.47744 -80.91397 
-60.76721 -4.47084 -59.38700 
-57.37003 -6.03454 -64.05271 
-105.37555 -236.21732 -153.90730 
-51.50507 -0.79250 -54.85623 
-52.57215 -4.01544 -59.15650 
-120.78317 -168.31369 -68.10648 
-135.34400 -238.17861 -83.64917 
-112.90127 -153.95358 -57.05203 
-111.43033 -273.41070 -169.09636 
-62.56843 -6.93947 -57.40154 
-96.39547 -191.99469 -139.18635 
-83.00680 -219.93215 -139.86311 
-93.02720 -230.01962 -144.43578 
-62.39285 -5.46738 -56.96605 
-62.48759 -4.85886 -57.79493 
-105.13149 -144.67923 -60.77352 
-127.99487 -208.47738 -73.01054 
-121.83627 -195.25913 -62.73937 
-120.66456 -206.51541 -64.58317 
-128.76208 -199.83183 -73.89396 
-133.86196 -213.33387 -76.98474 
-74.85036 -170.42007 -125.29110 
-52.78701 0.56980 -53.21978 
-102.95345 -242.98234 -159.48637 
-135.20576 -205.96235 -74.01798 
-56.38474 1.35222 -52.76757 
-136.72620 -235.30251 -75.82226 
-97.85726 -283.99986 -170.26788 
-98.38666 -134.61356 -50.28519 
-121.51388 -212.34986 -71.32648 
-97.09769 -229.57956 -151.61525 
-64.63060 -12.21490 -67.78515 
-99.27122 -259.42992 -152.67179 
-84.98741 -175.68536 -134.47175 
-59.64988 -5.70051 -58.90857 
-55.59803 -2.27210 -51.72230 
-75.18858 -155.54203 -124.79089 
-115.64750 -175.11467 -62.54381 
-128.69386 -185.85255 -73.12336 
-60.61160 -11.06085 -63.88411 
-78.11202 -192.93322 -130.47348 
-52.62397 0.73035 -56.01622 
-121.47318 -179.62168 -69.73757 
-104.60517 -145.11707 -54.11349 
-77.30984 -188.67223 -124.10740 
-67.30224 -6.75137 -53.10723 
-137.02604 -263.52279 -73.05007 
-135.38370 -222.31844 -74.28531 
-104.19282 -217.21455 -149.43128 
-54.66473 -1.36037 -50.01759 
-146.34547 -208.87798 -80.02321 
-53.73247 -2.32535 -54.15764 
-61.83461 -3.19425 -57.91178 
-98.60624 -296.89327 -156.91110 
-89.70255 -214.99392 -138.23343 
-109.35140 -252.03523 -166.37726 
-90.10964 -217.31794 -144.34611 
-98.54846 -134.49114 -52.69343 
-53.82881 -0.10122 -51.72333 
-55.21098 -1.03739 -49.84171 
-157.79143 -265.23009 -93.65473 
-84.52829 -196.02055 -131.61752 
-147.61461 -239.48576 -84.53344 
-69.56124 -14.10030 -67.97457 
-95.40242 -141.40919 -63.70700 
-63.03013 -6.31402 -61.20981 
-52.98341 1.22500 -52.41462 
-81.00771 -175.39240 -132.21334 
-54.11357 0.96184 -54.54288 
-89.90460 -211.31603 -137.20410 
-55.31218 0.50106 -55.94439 
-135.49561 -265.69123 -79.64085 
-88.19176 -188.37613 -135.43596 
-86.50811 -194.84672 -129.78078 
-55.85112 -1.30472 -57.98558 
-123.37453 -195.51835 -64.75630 
-81.99638 -173.28991 -132.94989 
-107.12977 -152.39193 -54.08897 
-85.12916 -184.90946 -130.00967 
-56.97731 -2.70068 -59.74864 
-131.73341 -197.35872 -81.79988 
-87.23817 -239.31171 -139.72384 
-124.68786 -180.07040 -72.81008 
-59.58223 -3.97220 -56.85780 
-93.97367 -184.26988 -137.21097 
-87.67066 -242.41376 -144.37376 
-63.14117 -4.02455 -52.63639 
-102.29308 -226.56969 -150.54575 
-62.93097 -12.53864 -67.47023 
-123.46176 -187.11781 -78.62081 
-112.87783 -192.36082 -61.48119 
-122.72161 -199.06647 -73.49946 
-70.77937 -135.85552 -117.57719 
-83.89103 -176.01945 -124.10353 
-85.97004 -219.33711 -138.84321 
-89.08042 -207.34796 -138.84455 
-59.34415 -2.20930 -58.68610 
-114.56327 -315.94798 -178.35959 
-97.32147 -257.18576 -157.22401 
-72.79178 -176.78156 -131.42541 
-111.78465 -169.47676 -65.51777 
-120.56113 -207.69021 -71.52886 
-59.82894 -1.86772 -50.71251 
-60.04933 0.15367 -52.94938 
-63.27232 -6.52014 -62.56450 
-90.72479 -278.74928 -152.50387 
-129.00758 -181.01455 -74.19333 
-73.20970 -187.58018 -124.56944 
-132.23571 -203.67506 -69.49496 
-52.33790 -0.06395 -53.94386 
-120.62590 -186.70518 -59.69641 
-88.62467 -218.88314 -138.89746 
-117.97932 -180.79690 -65.44335 
-51.08020 -5.30099 -57.83383 
-51.86554 1.95830 -52.31603 
-50.64138 -0.15946 -51.31954 
-55.38457 -1.74877 -53.33045 
-106.34200 -243.02434 -162.98459 
-54.84860 2.52156 -49.55898 
-123.82835 -185.48192 -67.48416 
-54.56754 2.86930 -49.63147 
-121.69877 -271.26020 -174.69351 
-95.14433 -239.34264 -151.07593 
-54.51838 1.05601 -54.77954 
-89.18154 -228.37322 -143.41151 
-137.05717 -209.50997 -73.32039 
-154.17905 -256.39144 -86.16725 
-101.94338 -216.37101 -153.16385 
-89.89516 -231.16978 -147.41404 
-150.91438 -283.69229 -88.59285 
-58.92885 -3.45148 -57.54084 
-58.77155 -5.95989 -57.63943 
-47.03571 0.92312 -52.31584 
-62.67023 -6.69613 -63.17878 
-126.74478 -220.47420 -71.37224 
-80.23829 -221.10238 -140.01255 
-102.88563 -168.07568 -59.80375 
-58.64082 0.61832 -53.67396 
-60.06087 -11.86962 -65.87214 
-134.55333 -329.83131 -190.54843 
-107.53062 -154.57431 -61.47214 
-137.20290 -246.46155 -72.83246 
-50.86098 4.37685 -48.19983 
-54.33427 0.80942 -54.67992 
-95.25085 -239.96144 -152.67640 
-62.76718 -6.05893 -57.75040 
-57.30811 -2.61956 -50.82544 
-57.69345 -4.06706 -54.29952 
-58.03368 -0.99368 -51.38109 
-99.15939 -251.71855 -152.05508 
-145.13761 -266.56230 -79.92547 
-88.27134 -196.89390 -139.06182 
-148.39706 -247.01906 -92.85142 
-59.49360 -2.27730 -56.70021 
-137.88255 -237.12421 -80.37577 
-105.02654 -247.47745 -151.92822 
-125.26589 -230.58327 -68.22515 
-157.71402 -275.44955 -96.54001 
-127.78625 -198.68347 -77.73077 
-57.51933 -3.87413 -56.38090 
-111.72570 -297.67847 -176.01185 
-129.58939 -242.10942 -66.78421 
-60.67376 -4.98302 -61.79321 
-50.52989 0.98615 -52.49819 
-83.19654 -205.29813 -130.64321 
-75.12547 -198.96409 -136.39825 
-77.75431 -190.80847 -131.16678 
-117.75764 -180.02748 -66.63906 
-93.08971 -195.14643 -140.14091 
-89.86309 -224.97920 -145.84035 
-112.21934 -312.78902 -174.83870 
-77.56532 -162.55666 -121.68332 
-57.45539 -8.56184 -62.53391 
-59.22994 -3.07662 -59.52784 
-57.29457 -2.63363 -58.14672 
-103.20727 -258.17450 -157.43363 
-128.08576 -229.18177 -67.61323 
-55.61158 -3.39778 -60.96082 
-77.11060 -176.62298 -119.62669 
-77.99681 -167.57313 -132.05545 
-60.01823 -1.54345 -54.60438 
-133.74576 -230.90246 -74.49369 
-92.36498 -249.35379 -149.38503 
-129.91502 -251.68810 -79.68866 
-109.08355 -153.57039 -62.28303 
-55.47165 -1.06170 -58.34097 
-62.50759 -5.46668 -57.49218 
-119.52173 -174.22822 -69.65195 
-55.30121 -0.16372 -56.85667 
-64.14600 -6.68822 -60.03586 
-112.99016 -260.10729 -168.00530 
-138.70314 -216.13389 -78.78672 
-58.50295 -1.99302 -57.33928 
-59.24988 -5.45176 -58.92082 
-154.33638 -281.87294 -96.24288 
-52.95919 1.94197 -49.70399 
-92.49541 -207.76700 -148.96408 
-63.58377 -8.31367 -63.09290 
-104.92461 -144.86699 -53.89760 
-110.56801 -236.81529 -162.09445 
-84.73891 -185.89954 -132.44545 
-84.39811 -177.13159 -126.68328 
-58.50255 -1.44421 -55.05174 
-136.12032 -218.96382 -78.84665 
-53.58992 -0.79460 -50.78561 
-57.72025 -2.42064 -58.30501 
-99.97839 -226.76667 -149.57542 
-63.21753 -4.68365 -59.48067 
-105.52433 -169.22254 -61.05455 
-90.29595 -204.10115 -148.73318 
-123.66944 -327.07097 -194.03808 
-98.64874 -147.52699 -52.89984 
-117.65584 -177.21196 -62.87612 
-107.85162 -276.35204 -168.76291 
-60.94365 -6.92093 -60.16802 
-113.63621 -158.65603 -81.27771 
-57.92150 -3.26692 -60.79260 
-135.77123 -230.47860 -77.35591 
-129.70139 -210.94816 -77.42660 
-97.97011 -264.23476 -155.14237 
-103.39379 -119.48549 -61.91816 
-109.31599 -305.20251 -171.79083 
-113.98226 -285.92644 -175.57105 
-87.56576 -238.22002 -156.35335 
-136.26603 -239.57614 -72.99533 
-124.95375 -205.00003 -68.56088 
-61.10191 -11.23095 -65.91932 
-60.05244 -5.14717 -49.97145 
-59.33271 -5.33463 -58.33501 
-99.92244 -277.38968 -165.25376 
-102.67709 -275.94302 -160.53698 
-118.59450 -212.04525 -70.07264 
-104.20772 -237.92577 -154.77061 
-117.26410 -303.58506 -175.33169 
-107.23121 -276.21268 -170.78842 
-60.45327 -6.64322 -61.32206 
-57.03095 -1.43780 -52.52227 
-101.73885 -237.61207 -159.16844 
-86.97725 -215.54079 -143.14337 
-64.90953 -6.00571 -60.07624 
-53.97391 -2.70505 -59.71322 
-135.12269 -222.61458 -80.09722 
-58.24318 -4.66590 -56.60265 
-50.34618 2.28546 -49.23741 
-114.02992 -184.86682 -65.03775 
-58.18478 0.83504 -52.86623 
-49.67999 2.44122 -51.53106 
-120.67938 -255.46061 -69.36831 
-47.56699 1.65582 -49.22083 
-95.70030 -185.47717 -136.20163 
-66.82230 -7.26688 -62.65974 
-118.43118 -171.50524 -62.35196 
-83.16940 -219.00836 -135.29160 
-79.90369 -185.98842 -135.28898 
-140.19976 -213.29402 -84.38866 
-59.01482 -1.43027 -56.07340 
-81.56718 -194.05397 -134.54209 
-52.55757 -1.92104 -55.83034 
-50.72203 0.56268 -53.95294 
-49.97241 2.22967 -51.58788 
-52.70328 -2.76001 -51.77140 
-94.09960 -178.81212 -140.15632 
-102.39321 -265.89350 -161.84764 
-141.80168 -207.34959 -89.27311 
-137.23032 -215.47706 -70.06678 
-116.80544 -161.99049 -63.57078 
-82.38062 -211.57941 -140.32549 
-56.28299 -0.36246 -52.75278 
-102.50337 -215.39009 -156.32759 
-125.32449 -219.44714 -72.07425 
-69.71016 -9.52140 -57.09177 
-104.06376 -313.85384 -174.33295 
-54.33047 -1.72207 -53.06818 
-86.89525 -162.45200 -128.06112 
-89.28407 -226.33227 -143.27491 
-107.55341 -258.79970 -161.91117 
-147.32786 -238.74971 -91.63308 
-138.83218 -240.89980 -74.70249 
-106.95059 -236.98607 -153.07193 
-55.50712 -0.45496 -54.57118 
-145.30094 -263.18882 -82.63767 
-115.08144 -152.49777 -73.87987 
-109.19957 -169.62767 -58.18092 
-135.72274 -205.64563 -82.59916 
-118.43840 -164.75450 -66.62578 
-122.73718 -308.83740 -178.47257 
-107.99102 -280.96839 -166.36150 
-54.15305 1.30281 -54.54010 
-46.62418 2.38027 -50.78752 
-85.62826 -220.23117 -135.53876 
-54.88066 1.98251 -51.00110 
-107.80395 -234.61202 -168.14416 
-115.36823 -249.58130 -169.73177 
-121.41016 -236.67898 -64.75025 
-96.53539 -185.24465 -144.68172 
-122.00270 -187.57404 -72.92906 
-80.88719 -159.32676 -119.06753 
-119.45329 -247.61790 -167.53292 
-63.67587 -7.65335 -55.65596 
-125.07832 -306.70836 -188.42267 
-56.74279 -2.80047 -51.78712 
-121.23082 -156.92550 -66.53982 
-61.93040 -3.41646 -59.16911 
-117.70082 -264.94879 -165.87510 
-132.38077 -206.28090 -76.79528 
-90.57424 -237.21932 -156.81359 
-55.64117 2.06348 -52.09598 
-60.81511 -7.21854 -60.75496 
-95.30921 -235.55294 -151.14374 
-59.51332 -4.47763 -57.50356 
-84.24727 -177.44796 -134.61407 
-46.72991 1.43197 -51.52373 
-90.13958 -205.10018 -147.55904 
-52.01282 -0.72789 -55.14557 
-59.49937 -6.23214 -60.19415 
-98.38641 -142.34818 -47.76430 
-94.52024 -128.83732 -52.22095 
-84.25893 -205.11174 -138.78859 
-83.09334 -215.54308 -134.88250 
-129.60416 -207.76140 -72.14438 
-93.60440 -239.00752 -151.88371 
-146.09293 -263.14611 -81.69573 
-57.08801 -3.03453 -60.75342 
-57.82350 -3.92732 -61.20569 
-156.46636 -272.32571 -83.86981 
-58.65347 0.00944 -53.47409 
-61.14288 -3.18763 -56.95753 
-56.64189 1.41888 -52.91233 
-62.92053 -8.88576 -64.15963 
-56.91179 -2.92804 -57.62362 
-125.22946 -232.84862 -66.68361 
-105.65958 -171.60575 -61.56913 
-57.96011 0.62430 -51.33174 
-99.55539 -259.51558 -156.45914 
-55.74565 -3.40133 -59.39442 
-131.33225 -191.38923 -73.58211 
-57.38710 -0.10803 -55.64216 
-62.53431 -11.67231 -63.83587 
-110.98422 -156.37084 -64.43182 
-52.21202 3.74571 -47.39984 
-91.74390 -249.80844 -160.72215 
-63.44097 -5.11125 -59.08827 
-85.32920 -187.49938 -129.42076 
-54.28651 -3.34235 -55.41168 
-114.68782 -162.97919 -67.56406 
-85.25360 -190.10961 -137.83460 
-51.60074 1.76331 -50.22197 
-98.33163 -261.95247 -158.67226 
-53.42546 0.60448 -53.92534 
-63.86519 -5.04153 -60.83914 
-78.45487 -236.26980 -133.94402 
-98.21669 -263.57526 -163.42483 
-98.35712 -292.77311 -170.97083 
-125.50148 -186.88431 -73.60479 
-82.64641 -153.45343 -128.45857 
-108.71760 -289.23230 -173.53208 
-53.80736 -2.14143 -59.01851 
-59.11224 -2.50790 -58.27191 
-103.70989 -245.10152 -158.02333 
-83.76772 -237.76104 -141.04469 
-61.32557 -2.44189 -58.57017 
-56.80127 -0.55834 -56.81055 
-52.04456 0.41924 -46.19014 
-162.03477 -265.05590 -93.77322 
-58.76529 -3.12968 -58.29578 
-74.61144 -170.89766 -120.69655 
-54.04405 -4.66296 -54.43065 
-126.90358 -225.52585 -76.24807 
-129.17651 -184.32301 -74.33786 
-145.68174 -240.84188 -83.43689 
-48.44169 4.15243 -48.86375 
-83.03345 -163.63180 -125.05817 
-60.66891 -6.60629 -63.57011 
-140.54176 -262.47014 -83.68082 
-58.35178 -5.62738 -61.83787 
-99.00351 -249.99300 -160.33236 
-55.32526 0.83763 -54.45011 
-127.79246 -187.53566 -76.06975 
-138.38113 -242.06973 -78.21862 
-56.63574 -1.38530 -56.90162 
-90.61643 -238.49582 -150.05299 
-55.80141 -4.20564 -60.49234 
-114.54551 -277.03944 -172.70792 
-52.77335 2.42617 -52.56464 
-157.81942 -299.26629 -89.36288 
-112.32903 -173.62132 -63.49059 
-56.08934 0.02265 -54.59448 
-90.11925 -249.09366 -153.79214 
-52.41798 3.55772 -49.23541 
-84.42020 -155.04246 -127.02472 
-58.94993 -2.49138 -56.84269 
-103.26887 -245.66852 -154.28230 
-55.10815 -1.90268 -56.88168 
-116.95020 -186.39554 -70.52854 
-56.51106 -5.92519 -60.03622 
-54.28250 -2.09910 -56.30513 
-53.68787 0.27099 -52.87283 
-54.66880 -2.94690 -55.06013 
-90.02328 -192.74130 -139.86492 
-101.66897 -276.15978 -163.04795 
-101.47470 -264.31189 -168.80223 
-65.75255 -6.06651 -53.77131 
-66.07620 -12.51642 -68.23460 
-55.60544 -4.44010 -58.72032 
-119.07093 -191.54210 -65.20445 
-98.51308 -276.04031 -164.44228 
-138.44452 -239.16932 -70.18129 
-58.49600 0.31684 -51.90498 
-126.87159 -196.35490 -76.95149 
-58.99194 -2.16818 -58.17705 
-113.93658 -165.14003 -60.17685 
-69.18064 -179.39248 -125.54079 
-95.38965 -104.60284 -52.67710 
-85.89443 -208.20359 -144.67924 
-153.42460 -275.43438 -85.04891 
-115.84798 -273.13246 -175.37425 
-55.23868 -4.45462 -57.08569 
-151.90690 -262.95387 -86.12085 
-59.29948 -5.46964 -50.95002 
-94.19591 -237.14206 -146.58489 
-81.04782 -239.27927 -148.59550 
-60.43614 -2.05877 -57.80019 
-98.39700 -245.54241 -154.95263 
-52.91945 0.35903 -55.56175 
-117.33895 -176.09042 -69.58736 
-52.10421 -1.70143 -51.97347 
-126.02052 -191.16183 -79.88446 
-133.53851 -220.62698 -79.79445 
-68.93134 -15.31924 -67.17985 
-59.67452 -3.83173 -54.41765 
-47.15611 -3.16157 -49.79221 
-112.20602 -167.35849 -59.58755 
-54.24407 -6.18232 -57.81802 
-86.55995 -197.60809 -138.83281 
-57.71771 -9.01687 -62.08432 
-59.03686 -1.67695 -56.46665 
-112.89371 -183.03080 -58.12180 
-143.40179 -279.85152 -81.78665 
-83.33183 -148.26565 -126.92344 
-117.89172 -287.07250 -170.25159 
-62.21232 -5.21488 -55.55206 
-93.37289 -221.44134 -147.92623 
-97.79271 -198.63157 -145.35474 
-98.99568 -268.31656 -163.61909 
-54.11772 1.13103 -53.97403 
-52.46358 1.59607 -47.42728 
-51.60965 0.69384 -52.16670 
-136.55950 -224.28405 -85.84752 
-124.01843 -188.99379 -77.71201 
-112.78879 -179.74754 -69.42709 
-88.48275 -203.88663 -136.63159 
-105.65772 -245.69971 -165.03458 
-57.65392 -0.92068 -55.94057 
-100.76673 -290.50846 -172.30794 
-128.44101 -209.94579 -79.98253 
-59.13157 -4.11326 -57.87205 
-97.24036 -270.36316 -167.12956 
-108.88045 -292.20315 -181.58227 
-119.06906 -193.98562 -61.66645 
-58.57662 -3.18178 -60.78530 
-56.17198 -1.36898 -51.37231 
-54.20862 -5.13811 -57.70509 
-60.30890 -2.99554 -56.94197 
-63.01245 -9.62864 -63.38770 
-87.26074 -179.80953 -141.19972 
-59.71993 -1.56724 -55.15135 
-105.44006 -165.21994 -53.54451 
-80.88703 -156.91284 -128.40642 
-53.00420 -1.17575 -57.24894 
-54.57370 -0.80435 -57.87337 
-59.77504 -6.35205 -59.04493 
-52.07005 -1.47564 -50.77040 
-97.95694 -244.91253 -158.93471 
-94.51466 -243.80148 -155.09984 
-119.56417 -324.86996 -182.26216 
-134.74063 -225.83383 -78.15681 
-94.72432 -273.94014 -162.94994 
-134.92395 -216.06865 -76.41787 
-107.91318 -258.26957 -158.92017 
-109.74960 -246.14105 -162.46782 
-136.62318 -218.89885 -78.91991 
-112.62089 -274.79608 -180.28891 
-78.63390 -238.38306 -142.04633 
-55.74243 -1.75809 -55.24564 
-80.76075 -178.71506 -139.26058 
-153.92679 -289.62650 -89.77405 
-128.71688 -163.96920 -71.45333 
-127.37641 -199.89676 -78.43536 
-50.81608 1.63295 -49.66597 
-149.24708 -244.19598 -81.30126 
-90.13985 -194.20981 -138.98046 
-62.44383 -4.36770 -57.46295 
-53.05813 1.54911 -54.65961 
-132.38997 -252.31280 -76.12462 
-111.90453 -188.00989 -57.52728 
-119.03976 -194.00794 -67.41370 
-125.27383 -183.66029 -66.04874 
-53.31609 1.56499 -52.72597 
-58.26226 -6.69471 -62.13521 
-132.42311 -226.61783 -68.94267 
-57.37009 -0.89282 -55.25983 
-54.47958 -5.83170 -57.33869 
-101.55010 -137.55703 -57.36004 
-57.59563 -2.74843 -59.49614 
-58.81692 -0.39414 -54.88332 
-83.04446 -189.25309 -139.47540 
-113.40229 -184.72298 -61.50515 
-50.51253 1.64712 -46.46982 
-114.19301 -270.88024 -162.65616 
-58.04482 0.37961 -50.16735 
-113.90574 -173.22834 -69.69597 
-55.44011 -3.59042 -56.73351 
-69.96438 -11.12665 -65.47866 
-55.14705 -0.26262 -51.68478 
-143.39863 -243.81751 -82.15715 
-99.48195 -246.88612 -158.78448 
-70.66804 -184.13902 -134.36136 
-85.68437 -195.47818 -139.89969 
-103.94508 -150.19729 -66.46678 
-137.89075 -229.95132 -76.94693 
-60.96574 -10.26406 -64.80515 
-56.42742 1.03332 -49.95830 
-56.38875 0.09900 -49.03381 
-108.05948 -170.92323 -64.01574 
-59.34609 -3.20162 -59.22824 
-119.47246 -226.25564 -73.40441 
-61.43772 -2.51160 -57.22666 
-147.21989 -231.24617 -83.40525 
-132.17529 -192.44973 -74.45629 
-96.10119 -275.93564 -162.01519 
-116.27635 -160.42721 -62.79541 
-102.09331 -253.20921 -161.05980 
-124.92393 -202.14260 -61.47198 
-55.20308 -2.82289 -59.57745 
-150.18596 -272.94063 -81.47076 
-127.43944 -192.98515 -67.24841 
-98.62880 -150.33723 -57.54397 
-127.81282 -221.47601 -78.32105 
-48.65676 0.67254 -53.35399 
-136.11969 -229.11401 -74.68651 
-51.39750 0.64380 -48.85383 
-91.43549 -217.61118 -141.20161 
-56.49365 -4.45611 -57.88979 
-149.09450 -254.99658 -100.03442 
-57.40627 -2.14859 -54.07593 
-62.61311 -3.42319 -54.37687 
-91.85734 -246.32763 -153.93926 
-97.51190 -243.01465 -152.60272 
-53.74185 -5.27288 -60.02270 
-53.97953 -2.24712 -57.47036 
-130.53348 -249.64383 -72.80329 
-85.50062 -214.48557 -146.94621 
-130.68961 -206.93130 -71.72487 
-127.96224 -226.68345 -73.34431 
-92.90756 -237.89591 -152.05643 
-156.32448 -308.21201 -92.34098 
-134.62144 -236.09172 -70.27838 
-89.31874 -238.60808 -145.71695 
-87.39368 -213.53330 -143.45835 
-82.03624 -154.54673 -120.55104 
-81.32594 -217.97938 -132.39365 
-50.08067 3.24275 -49.04655 
-123.74028 -190.03014 -74.86468 
-54.14771 -5.56282 -58.40528 
-125.37643 -230.70334 -81.41270 
-110.76619 -171.66149 -63.54536 
-57.83776 -1.69846 -57.38804 
-99.31719 -210.70158 -151.05722 
-114.15065 -141.10059 -58.39902 
-64.58611 -8.43469 -64.07195 
-112.55168 -176.96328 -59.70386 
-81.25560 -183.55360 -131.54150 
-103.29051 -153.01240 -69.00462 
-62.43073 -4.27206 -60.65332 
-46.29862 3.71761 -46.72917 
-105.39367 -243.60154 -164.35609 
-64.47884 -9.10119 -66.23088 
-90.42511 -243.90797 -151.43652 
-59.17286 -1.14489 -56.26070 
-140.02100 -223.35521 -77.92001 
-62.90337 -3.95671 -51.71197 
-88.85046 -203.29077 -144.66028 
-60.72877 -5.90038 -57.41532 
-52.59362 -7.74490 -58.55126 
-81.31682 -152.38728 -125.15841 
-108.58613 -157.42787 -71.77242 
-145.62058 -258.10397 -78.05689 
-97.88032 -245.08271 -157.17347 
-84.73933 -194.47623 -140.35345 
-52.73218 2.55129 -52.67167 
-79.18914 -163.23976 -126.42819 
-129.24479 -181.07857 -70.88365 
-50.44318 3.57302 -50.82755 
-93.36846 -215.16978 -148.42669 
-126.12443 -189.37063 -78.00817 
-121.75160 -199.05808 -71.98190 
-117.35196 -171.89871 -64.39055 
-111.25971 -251.38935 -166.44336 
-96.01254 -218.54929 -146.39037 
-119.41860 -277.76849 -175.34484 
-121.29118 -187.92595 -69.43031 
-115.51807 -177.73649 -60.02169 
-53.70877 -3.03120 -59.65290 
-54.46230 -0.55501 -54.69478 
-116.41112 -303.72235 -175.94980 
-87.89649 -207.15828 -147.35954 
-98.69790 -224.89376 -157.87010 
-121.38506 -197.41004 -63.69933 
-115.80985 -169.28253 -69.29542 
-77.50451 -197.74953 -136.73280 
-53.59365 1.92144 -51.98125 
-98.28680 -176.89499 -57.14205 
-93.71446 -264.04017 -157.51276 
-113.74797 -178.79854 -60.83048 
-52.72226 3.02455 -51.03315 
-90.70663 -179.73049 -134.28936 
-139.18271 -237.77636 -79.49565 
-57.38946 -6.78616 -52.69312 
-92.62302 -196.24245 -139.35869 
-114.32363 -182.67773 -68.81416 
-57.69791 -0.55769 -51.85532 
-130.79212 -224.27284 -84.46445 
-59.43695 -2.98047 -55.95937 
-90.96024 -174.39392 -132.67435 
-125.58899 -192.34810 -72.06727 
-78.98960 -140.74254 -119.65197 
-132.45016 -240.17206 -78.02632 
-100.07024 -218.64894 -150.57625 
-61.16368 -3.01645 -59.20423 
-140.91670 -250.59022 -82.42914 
-140.26684 -253.58794 -78.08333 
-54.74723 -3.70594 -48.78526 
-80.73252 -217.48960 -138.46087 
-139.51853 -263.08981 -71.14029 
-144.34897 -221.39767 -88.54891 
-116.72541 -170.74003 -69.05589 
-96.22106 -242.93187 -151.30053 
-50.76069 -2.59442 -56.05877 
-99.35516 -137.10951 -59.50335 
-58.19654 -2.51298 -55.71006 
-124.69913 -230.10080 -67.33133 
-55.96727 -5.37705 -61.44119 
-63.01164 -5.97601 -55.68657 
-61.47124 -8.72497 -62.67979 
-53.79344 -0.53903 -52.69598 
-95.50237 -216.20703 -141.80163 
-97.68540 -241.65732 -153.55661 
-87.94934 -225.81988 -148.41474 
-80.30553 -166.80127 -131.82356 
-83.61397 -180.64225 -126.98398 
-68.14504 -140.84539 -113.33463 
-97.67293 -230.72555 -148.32290 
-138.15826 -213.09662 -77.33140 
-106.35024 -141.56338 -57.53155 
-82.81040 -173.98771 -134.58731 
-119.81288 -201.57130 -67.20956 
-51.57166 1.57310 -50.89938 
-96.16435 -218.85554 -151.72589 
-143.77407 -269.09279 -84.58265 
-98.37676 -233.06239 -150.11076 
-81.25245 -206.95472 -131.32312 
-69.23367 -14.38214 -61.74193 
-128.67266 -202.51384 -71.64530 
-81.08071 -152.37306 -129.67681 
-46.12424 3.45320 -45.86284 
-126.19701 -199.59335 -63.56365 
-94.79411 -232.91592 -154.57147 
-135.08579 -340.21361 -190.77826 
-118.61044 -194.91008 -67.21639 
-75.83873 -215.38347 -139.09485 
-122.60559 -159.65936 -68.16675 
-87.60285 -187.86043 -137.35879 
-130.49831 -276.24190 -66.15039 
-113.74898 -272.97417 -166.61930 
-79.97067 -170.19316 -123.92455 
-121.39712 -213.59498 -62.50923 
-96.98999 -215.87326 -152.91375 
-145.97065 -234.08697 -79.06014 
-92.45968 -195.08946 -139.12965 
-56.78697 -1.62696 -53.66710 
-103.53883 -244.27668 -158.99246 
-68.05110 -16.00265 -67.89080 
-102.39223 -282.15613 -166.69563 
-98.68924 -238.80099 -148.49751 
-63.75625 -6.10077 -61.25409 
-54.50227 -1.07845 -57.45051 
-81.06371 -185.85898 -137.73857 
-88.38051 -242.09334 -154.99548 
-90.86626 -225.66124 -139.19840 
-89.50463 -197.36342 -136.25512 
-59.09062 -4.76374 -48.06518 
-48.96929 3.59508 -51.09097 
-62.21012 -9.29225 -65.99721 
-108.22659 -218.66566 -151.86443 
-53.80415 1.33664 -49.47786 
-93.49746 -252.79570 -149.09164 
-57.98275 -2.54067 -59.47782 
-53.70411 0.15394 -52.60300 
-64.77622 -6.82700 -59.51015 
-120.10135 -185.40156 -74.33766 
-98.06093 -229.52463 -150.95832 
-59.43447 -4.37399 -57.44899 
-88.19968 -219.46262 -134.40039 
-131.26840 -228.87226 -74.25598 
-129.39132 -300.50772 -183.84051 
-97.00783 -298.12361 -158.83790 
-52.41402 -5.05070 -52.88791 
-55.83055 -2.70485 -58.45270 
-112.87167 -194.46882 -67.01948 
-141.59011 -210.14391 -89.45448 
-114.20478 -206.28941 -62.51617 
-63.69176 -6.26089 -62.24583 
-105.81735 -151.00458 -67.48134 
-129.31089 -239.15130 -69.64688 
-63.40743 -6.75648 -60.22622 
-57.45933 -1.41815 -51.36440 
-51.65565 3.70076 -49.45090 
-145.07652 -267.53895 -87.60869 
-111.76126 -187.99575 -62.44476 
-71.01886 -125.47266 -110.17222 
-55.71783 -2.45496 -56.01785 
-146.15606 -238.42573 -87.66716 
-143.17902 -202.94586 -83.15367 
-97.79613 -255.95127 -161.56601 
-70.09302 -151.41340 -116.85754 
-108.10800 -258.84265 -160.22922 
-152.59960 -248.27037 -80.90669 
-132.75229 -221.79783 -71.65756 
-102.33200 -242.83646 -153.38190 
-54.37195 2.21742 -47.96082 
-148.21609 -244.47981 -88.89137 
-117.14262 -181.82479 -68.51896 
-61.43783 -8.49541 -60.21053 
-84.12018 -213.18646 -145.22479 
-64.86223 -9.57958 -59.18703 
-146.49341 -245.96214 -89.38549 
-108.65104 -148.28621 -60.35973 
-99.32374 -242.94674 -163.23423 
-59.73103 -3.44088 -59.64572 
-124.32151 -190.25472 -64.48480 
-125.65485 -191.40644 -76.86636 
-53.24710 -3.09242 -51.15023 
-106.48476 -220.55968 -147.01145 
-61.58797 -4.32661 -58.75598 
-117.19635 -364.58313 -196.25199 
-88.78396 -224.52427 -150.50585 
-126.96405 -206.52286 -77.07953 
-63.95513 -5.76887 -60.98424 
-90.65596 -226.70602 -154.48273 
-55.67270 -2.52431 -59.61882 
-82.56059 -241.23263 -146.32906 
-92.58339 -155.13698 -130.18137 
-53.79133 -5.06593 -61.72261 
-111.68366 -158.75920 -63.31334 
-55.76261 -1.87539 -57.66501 
-91.79254 -232.44658 -149.25102 
-140.06442 -253.33840 -83.99216 
-63.43298 -6.69130 -57.45937 
-113.27816 -288.47941 -172.71847 
-94.77677 -232.91379 -150.48464 
-170.89347 -300.37020 -106.83463 
-102.76944 -290.23260 -163.45251 
-102.60739 -287.34436 -167.46209 
-116.31686 -292.78823 -174.72781 
-49.53860 -1.07276 -51.39784 
-134.81059 -243.44363 -72.17171 
-90.54583 -200.76262 -138.01244 
-84.70209 -181.31643 -129.07247 
-54.15358 -0.31227 -55.66669 
-55.58066 -3.81086 -61.22960 
-127.93615 -193.12659 -66.53850 
-124.30100 -202.63889 -66.57328 
-121.74361 -199.00705 -73.70836 
-144.75551 -228.30947 -86.58503 
-116.38990 -346.91656 -189.94170 
-116.42466 -159.04295 -66.77303 
-134.22750 -245.54582 -77.13602 
-60.71755 -3.60851 -59.88987 
-99.91528 -249.92824 -152.94632 
-53.30045 -1.26233 -55.46626 
-125.37550 -205.09242 -79.28391 
-105.65647 -159.21592 -56.00211 
-53.87559 -4.43135 -60.93385 
-153.11758 -248.21302 -84.32067 
-107.50682 -249.90505 -154.87187 
-88.39914 -207.58089 -146.91985 
-113.79153 -169.07428 -59.94300 
-158.24303 -289.60218 -95.67011 
-138.80079 -230.99620 -83.22698 
-56.62798 -3.42797 -53.48320 
-60.64318 -4.74687 -58.80798 
-80.51292 -187.77478 -134.37893 
-125.05736 -210.92186 -72.45740 
-131.58090 -261.01206 -73.02200 
-113.92113 -270.29474 -164.99128 
-124.72495 -196.68507 -73.92528 
-70.70572 -210.26257 -133.61861 
-114.73800 -167.23300 -73.55105 
-115.10433 -163.00645 -61.66038 
-98.46803 -227.98772 -149.29320 
-55.48288 0.07052 -56.55250 
-103.11383 -270.39751 -165.46510 
-128.06875 -186.47775 -73.75478 
-58.84483 -3.32776 -54.97173 
-143.75747 -232.57590 -78.38041 
-99.62648 -200.34132 -149.11655 
-134.77204 -226.17423 -78.47820 
-114.42828 -165.49040 -63.80228 
-142.03015 -249.57004 -87.05645 
-128.71321 -205.76190 -79.38158 
-82.76363 -227.93714 -140.91190 
-60.53214 -8.65612 -49.25251 
-91.53710 -259.95436 -149.78637 
-96.07383 -189.37937 -139.90947 
-139.06718 -198.14571 -87.20987 
-109.47483 -255.03972 -161.43314 
-106.91902 -261.11468 -169.83236 
-61.46048 -6.87097 -60.48341 
-58.22491 -0.97780 -55.31468 
-59.32755 -5.01503 -58.42569 
-124.16763 -157.40885 -71.88827 
-59.13763 -6.05528 -62.27448 
-90.41230 -211.90052 -141.90159 
-113.15818 -164.25959 -65.32729 
-61.76098 -6.84176 -64.43075 
-57.06738 -3.66753 -60.25352 
-98.39348 -238.16048 -151.11468 
-129.58301 -245.22409 -71.37826 
-86.82969 -164.73826 -127.57525 
-127.92558 -234.55481 -73.20057 
-124.41368 -195.49080 -77.73963 
-60.45241 -4.58852 -61.80531 
-56.99235 -3.64842 -61.70898 
-78.83953 -173.21570 -130.21867 
-60.20047 -5.53609 -61.14743 
-47.14883 -1.89758 -52.33399 
-80.38569 -176.94929 -135.01634 
-113.76472 -159.98018 -70.21613 
-120.08197 -195.55510 -64.34424 
-131.38993 -190.12107 -81.60155 
-113.60757 -140.04490 -62.92736 
-57.36001 -7.80122 -61.23333 
-100.11880 -196.88964 -145.62381 
-118.20602 -169.67977 -67.98339 
-125.59690 -177.41097 -72.09951 
-97.97869 -229.01126 -157.27981 
-98.10015 -165.46570 -50.18982 
-58.73080 -2.24473 -55.64463 
-55.88813 -1.93201 -57.41841 
-51.58673 -5.52833 -56.80765 
-88.32130 -98.42331 -57.10776 
-103.35431 -226.69850 -153.31209 
-66.59945 -172.67574 -123.51190 
-128.23693 -201.46712 -72.85645 
-58.39470 -4.11092 -50.41821 
-51.74065 3.99390 -49.67097 
-119.85898 -246.57301 -73.14916 
-52.62994 3.25107 -49.94298 
-88.18399 -193.45923 -139.55130 
-112.24651 -267.24912 -172.14388 
-122.58668 -219.27329 -77.44642 
-97.95223 -249.15717 -161.37049 
-60.15804 -3.21723 -55.60991 
-142.67226 -241.08729 -79.72364 
-123.13566 -179.72650 -74.60636 
-57.26055 -3.20574 -57.63244 
-89.75395 -213.27501 -143.50655 
-83.58555 -240.92925 -146.79312 
-102.36155 -216.31571 -155.57973 
-46.38185 3.22997 -45.91122 
-58.14670 0.57662 -54.77889 
-113.96372 -148.64354 -64.90861 
-143.77149 -252.34662 -86.96699 
-78.44166 -179.03844 -127.89071 
-91.04000 -187.96630 -131.86775 
-115.18917 -174.52749 -75.95363 
-79.86308 -175.81383 -132.16417 
-133.80463 -229.03707 -70.94912 
-88.58602 -181.90029 -130.41538 
-56.92607 -2.56086 -56.89274 
-103.55819 -302.22309 -174.16379 
-54.21772 -6.66817 -59.98763 
-85.49719 -282.95858 -156.90406 
-59.19690 -6.66216 -62.68835 
-116.64167 -158.58224 -63.99811 
-130.54171 -229.97083 -79.97707 
-123.31497 -176.62996 -62.53956 
-51.80566 2.67187 -52.18117 
-166.16355 -280.56237 -93.14195 
-78.71806 -209.29784 -139.08863 
-82.67391 -194.60394 -137.37993 
-91.56896 -212.35413 -136.74324 
-113.93306 -181.93788 -68.23356 
-59.79794 -2.86366 -59.89846 
-132.79375 -277.74022 -77.34335 
-109.30273 -175.93401 -55.66847 
-131.28691 -222.10743 -72.89307 
-59.50791 -8.20468 -64.37879 
-137.13831 -246.35676 -83.07720 
-122.11912 -184.39572 -77.00021 
-61.67601 -4.39003 -60.79009 
-53.86516 2.31537 -50.09174 
-95.27425 -246.08961 -154.58376 
-76.23150 -154.75884 -121.02528 
-75.23032 -181.28385 -130.83407 
-92.03133 -196.90303 -137.81234 
-106.14888 -278.87702 -161.09039 
-122.81454 -186.67681 -63.88352 
-82.94246 -194.73339 -134.38191 
-110.89291 -274.83552 -173.57190 
-59.86054 -6.59762 -63.62126 
-51.84260 1.17139 -54.01365 
-135.85809 -254.18820 -83.59300 
-94.94563 -223.44371 -148.05456 
-60.48010 -2.83100 -58.94424 
-122.25921 -169.48871 -67.13471 
-55.27591 -3.90620 -54.67447 
-142.75133 -251.49385 -92.71213 
-116.09062 -171.07189 -62.18019 
-83.44291 -156.09149 -123.75333 
-143.80653 -236.17470 -82.80330 
-144.34801 -239.42724 -89.89987 
-148.13151 -278.77209 -83.18713 
-51.37259 0.94926 -51.66862 
-84.10540 -213.19738 -138.43166 
-85.65443 -206.79826 -139.73595 
-57.27088 -0.31669 -50.84396 
-102.94156 -266.51474 -165.53176 
-129.82780 -203.82444 -79.60086 
-88.30853 -268.00044 -157.95351 
-49.72327 2.56491 -50.16298 
-63.63230 -8.65015 -64.47066 
-124.23703 -212.37062 -70.26112 
-56.31720 -0.55494 -57.76017 
-125.63195 -233.07565 -73.38113 
-104.15518 -140.28721 -58.64091 
-134.23947 -215.32514 -92.22760 
-130.78987 -197.97436 -68.36830 
-104.00358 -265.13870 -160.39722 
-104.38365 -272.40434 -171.47333 
-82.79044 -205.96064 -139.30195 
-135.45947 -212.86121 -73.33398 
-55.83445 -2.09532 -53.84462 
-92.26733 -209.85729 -149.91767 
-78.34318 -201.08594 -134.29081 
-113.55543 -254.06497 -167.28814 
-85.61906 -181.31372 -134.32528 
-59.76678 -2.28201 -56.48749 
-60.66724 -4.26563 -59.54806 
-57.55827 -5.41988 -61.62648 
-55.39416 0.83539 -52.42820 
-117.52023 -207.51309 -66.76656 
-119.94620 -167.54361 -65.87410 
-114.14647 -183.80545 -64.12348 
-55.90355 -5.23239 -61.15407 
-136.22618 -192.68633 -82.11240 
-60.74511 -3.34410 -59.65557 
-111.63039 -256.05545 -160.28955 
-145.51408 -248.41947 -78.65235 
-57.93494 -6.66411 -62.21757 
-144.96622 -396.26172 -210.28585 
-140.35250 -220.80225 -76.89005 
-116.03451 -185.43390 -54.38915 
-123.20804 -215.18854 -79.75700 
-84.48458 -218.96575 -135.99493 
-111.83467 -152.55963 -69.20477 
-102.97492 -260.88423 -161.11598 
-57.03507 -1.05919 -57.24727 
-85.16998 -225.81301 -137.95145 
-134.49046 -222.51229 -77.04302 
-139.04543 -206.24245 -85.66293 
-59.87236 -2.65643 -55.87210 
-125.89769 -183.23131 -68.38039 
-62.64090 -1.86048 -53.86589 
-124.09260 -190.54963 -72.65719 
-120.16838 -190.39765 -68.02552 
-141.28905 -270.78647 -83.59833 
-55.08068 -2.29518 -56.68215 
-132.45190 -209.44363 -81.14292 
-51.22182 2.29374 -48.84088 
-114.08901 -257.92671 -160.77103 
-107.07523 -131.10508 -64.57358 
-105.01390 -241.49293 -151.51458 
-98.24163 -244.82391 -159.71928 
-138.06108 -246.55421 -74.41914 
-99.43265 -253.19900 -161.81602 
-134.78829 -231.29662 -72.49893 
-55.14090 -11.57782 -59.83200 
-116.67606 -181.70660 -64.49851 
-96.32866 -226.70271 -148.48363 
-139.72711 -243.93797 -67.54757 
-153.97745 -265.35366 -97.70788 
-56.85996 -1.99059 -58.59210 
-135.54236 -245.00631 -75.86162 
-89.13214 -232.45845 -144.41121 
-90.67587 -242.01353 -150.56648 
-52.43889 3.03699 -50.13221 
-134.19405 -221.68981 -75.53194 
-118.84450 -339.04903 -193.37349 
-83.76230 -235.25907 -150.32361 
-138.87481 -201.79983 -75.51367 
-54.43224 0.25583 -54.19151 
-90.22465 -265.08540 -154.26189 
-80.10197 -181.22680 -132.83347 
-114.63040 -173.93887 -72.38205 
-123.55446 -168.02181 -69.82399 
-123.84647 -213.64597 -65.20477 
-112.14949 -246.40854 -163.06928 
-91.45189 -184.96252 -137.88508 
-116.34224 -164.10717 -62.77680 
-51.94417 4.11772 -48.92496 
-127.20449 -198.43571 -79.45701 
-93.29107 -289.82331 -162.15139 
-86.03277 -191.99647 -135.88767 
-81.80462 -116.81367 -109.85503 
-81.61891 -216.52477 -142.29894 
-49.48684 -0.31031 -53.31879 
-52.34318 -5.99105 -55.44268 
-102.90558 -255.98843 -151.54364 
-52.95151 3.00688 -50.76404 
-111.33949 -269.90169 -166.96800 
-58.42348 -5.11353 -54.42481 
-113.11377 -135.96933 -67.27418 
-155.44706 -333.66965 -98.41895 
-82.86178 -200.55924 -134.95261 
-113.70511 -200.46608 -70.53591 
-67.97558 -12.12623 -61.12957 
-89.45916 -232.65080 -138.02426 
-121.89741 -196.51494 -67.83404 
-91.35782 -189.02128 -143.46692 
-77.99228 -162.59073 -118.83467 
-114.88255 -237.30577 -160.21482 
-99.46585 -231.51596 -151.39810 
-108.57473 -291.17356 -174.82794 
-81.73747 -205.31710 -135.74681 
-109.92844 -254.22188 -160.24594 
-58.63705 -2.12179 -56.47734 
-147.12948 -234.77425 -79.27507 
-146.15178 -244.86672 -80.17414 
-55.81921 -3.34912 -51.35199 
-95.00036 -261.27729 -161.02571 
-90.95427 -194.67981 -134.53472 
-96.53812 -200.35229 -145.72333 
-50.90169 -0.97125 -56.82024 
-54.43686 -0.86334 -55.48917 
-95.98711 -268.18206 -158.73982 
-121.05410 -169.00676 -75.82186 
-85.20660 -225.57847 -140.58669 
-121.81950 -213.02216 -79.08209 
-54.62593 -5.88550 -57.97226 
-120.98411 -159.85244 -67.12011 
-139.38732 -234.96247 -75.36248 
-53.76631 -3.29799 -54.99696 
-89.55012 -207.67262 -142.82072 
-122.27477 -193.35047 -72.39766 
-112.42041 -267.89465 -169.96988 
-94.99896 -236.18333 -148.03960 
-95.55484 -221.82765 -148.26677 
-123.53839 -174.64109 -68.87701 
-59.95771 -7.14175 -62.03861 
-55.75691 -6.37441 -59.16375 
-49.65217 1.98689 -52.65205 
-105.80398 -154.22696 -58.73959 
-55.12705 -1.61036 -56.54839 
-93.24307 -229.84191 -153.33517 
-82.93837 -209.70928 -134.48428 
-151.71856 -246.32949 -84.20941 
-63.59149 -6.54969 -60.81587 
-60.96276 -2.87268 -56.35006 
-114.46647 -161.10503 -72.11114 
-90.31534 -129.52286 -43.48429 
-54.12899 -1.76990 -52.78691 
-52.34300 1.59759 -49.57165 
-60.19699 -4.88116 -53.18458 
-138.06096 -263.99636 -77.88223 
-141.31400 -262.49962 -82.46930 
-93.35266 -225.92381 -151.26138 
-143.42870 -245.43819 -77.49395 
-85.87245 -207.70664 -139.62650 
-54.99021 -4.71200 -57.78668 
-65.21244 -9.27774 -61.34045 
-135.64990 -201.37608 -79.95141 
-143.52073 -228.14288 -80.56803 
-138.05144 -240.23116 -87.24658 
-96.25952 -245.46868 -150.36144 
-90.11109 -205.71243 -144.90797 
-92.20992 -190.24087 -144.19073 
-58.52267 -3.93488 -55.41393 
-56.65870 -4.25760 -57.11538 
-120.08591 -298.91818 -166.44360 
-101.93240 -267.18830 -166.08445 
-57.85586 -4.49550 -56.52465 
-65.39130 -6.62291 -60.94273 
-120.76620 -197.18775 -69.90453 
-115.65655 -180.48498 -65.34701 
-108.16830 -130.66507 -60.02377 
-156.04483 -301.62062 -97.90015 
-116.80574 -193.46974 -70.32565 
-95.59185 -212.39610 -149.85047 
-112.56506 -166.77162 -59.97179 
-92.16391 -253.19065 -156.64172 
-59.34293 -3.21214 -59.86830 
-103.97404 -152.92598 -69.39650 
-136.20999 -208.67870 -75.22864 
-136.94309 -235.75237 -80.35674 
-128.43924 -191.80328 -74.07847 
-103.48014 -255.82649 -161.68248 
-127.27367 -210.91305 -75.65000 
-163.17788 -298.16345 -104.67928 
-57.29516 -140.96242 -103.26327 
-58.70578 -0.41891 -56.37171 
-111.10233 -278.11874 -171.79886 
-84.12589 -221.35126 -142.78956 
-59.33175 -1.19293 -53.25254 
-59.83654 -8.26158 -59.73111 
-77.46790 -231.55776 -140.71682 
-104.47339 -275.94593 -168.59866 
-55.88486 0.68639 -48.34368 
-55.04938 0.78510 -51.59023 
-58.51415 -2.83111 -57.18443 
-49.60670 0.26120 -53.91339 
-51.16817 1.30460 -50.43443 
-145.64043 -242.84614 -84.19020 
-93.73546 -188.93479 -140.05795 
-126.38526 -231.27683 -78.38002 
-99.91106 -254.23389 -159.64768 
-123.11015 -184.71179 -71.06392 
-135.81071 -204.15923 -81.04094 
-50.86462 2.69399 -48.89348 
-94.31657 -277.74936 -161.20714 
-125.34199 -210.81392 -75.76888 
-106.34797 -161.53391 -61.69209 
-57.90417 -5.73209 -63.22015 
-94.70692 -246.10385 -156.14363 
-63.64857 -8.07620 -61.55152 
-119.43818 -167.12029 -68.12104 
-91.41465 -240.26641 -155.40948 
-93.67028 -265.92809 -160.97693 
-109.67165 -276.90329 -171.47847 
-109.82924 -142.41798 -66.27265 
-56.54397 -5.39625 -62.09049 
-69.78619 -147.86020 -120.52948 
-122.51789 -315.26084 -187.55357 
-111.61697 -269.85511 -161.81881 
-61.00871 -1.07693 -54.40837 
-94.78240 -156.90902 -51.79716 
-103.55652 -261.75695 -164.95181 
-117.70886 -229.47206 -66.71140 
-95.22976 -285.00265 -164.64460 
-50.60936 1.67430 -54.20843 
-106.89746 -231.37503 -153.97882 
-109.82181 -157.96648 -59.54875 
-122.72120 -172.26380 -62.27673 
-126.41259 -197.03057 -71.10384 
-138.62951 -221.11151 -73.65656 
-128.12912 -231.17317 -84.97275 
-109.99888 -176.15225 -65.28526 
-118.49323 -185.84154 -69.10238 
-86.73343 -221.65054 -134.87833 
-58.93956 -3.84984 -59.82712 
-54.70413 -1.15952 -52.80674 
-61.25115 -3.95568 -58.05253 
-88.78115 -219.11226 -137.27700 
-58.12567 -6.86364 -60.39738 
-70.12475 -156.54466 -117.26542 
-62.51113 -7.42327 -61.78827 
-99.03150 -116.86565 -63.20316 
-75.50121 -173.18467 -119.32872 
-138.05636 -247.44303 -80.11350 
-129.95014 -214.92151 -82.59198 
-52.14239 -0.22016 -55.13829 
-57.49544 -7.42730 -56.56789 
-61.08864 -10.63275 -60.36416 
-82.38749 -185.51709 -130.55341 
-105.13617 -250.76233 -155.40340 
-59.34508 -5.36152 -59.03627 
-150.54400 -221.94985 -93.26737 
-112.52171 -161.70757 -56.66811 
-127.51337 -221.48418 -73.63342 
-59.90115 -3.81814 -60.13878 
-98.33212 -206.48694 -144.89978 
-98.04964 -139.25604 -63.90350 
-73.48451 -145.50666 -120.44062 
-107.44069 -240.16868 -159.73857 
-58.74699 -6.60382 -61.00900 
-159.97199 -283.05435 -103.10829 
-130.01825 -229.26393 -65.82486 
-75.29778 -201.26434 -124.44842 
-127.77371 -227.72813 -73.07052 
-139.18303 -243.21855 -88.75338 
-124.02260 -169.70666 -64.99882 
-134.74182 -219.01045 -76.87136 
-54.13627 -3.82916 -61.52717 
-91.72538 -235.67085 -150.84455 
-90.89338 -215.24407 -142.24219 
-60.12411 0.01583 -49.59845 
-104.52548 -249.21015 -156.69180 
-91.55702 -153.00161 -52.11680 
-140.86907 -229.56565 -79.04504 
-117.88721 -261.98029 -175.62557 
-52.53781 2.99058 -52.06854 
-114.43390 -186.56157 -57.19550 
-141.16429 -209.31500 -79.99630 
-88.59241 -211.19909 -143.02148 
-94.78406 -223.24475 -149.32477 
-74.90181 -116.81136 -108.35226 
-143.72184 -221.58154 -73.54000 
-94.34965 -253.65005 -158.56704 
-119.47940 -310.77590 -189.61346 
-106.72848 -265.57140 -161.25881 
-137.35146 -255.93510 -76.27625 
-51.19966 0.25818 -55.68179 
-130.03131 -332.07123 -189.33926 
-85.70093 -200.63409 -138.03195 
-106.98035 -180.12251 -59.91183 
-121.92855 -202.98569 -76.20618 
-84.83272 -182.07962 -134.52110 
-134.89432 -221.42652 -76.49819 
-86.66138 -270.92869 -151.97682 
-85.66695 -228.51136 -148.65201 
-102.15942 -207.76230 -144.05759 
-139.42110 -232.46394 -85.17085 
-70.80843 -115.01417 -112.93809 
-127.92083 -213.92722 -72.93140 
-129.73249 -190.78400 -85.94857 
-93.66909 -224.92760 -140.71959 
-134.37731 -258.99963 -68.19156 
-80.96066 -226.03286 -140.23460 
-58.95098 -5.25201 -60.27868 
-156.94131 -289.44015 -91.05827 
-73.12093 -183.29512 -129.31482 
-83.24697 -180.10637 -130.05095 
-106.44606 -153.78694 -71.92014 
-61.78176 -114.81026 -99.97555 
-113.20101 -266.34383 -172.41832 
-103.06674 -204.03356 -149.03494 
-60.13729 -5.41346 -57.80519 
-53.24223 -2.26197 -56.47484 
-125.10658 -190.63880 -71.88336 
-137.81030 -238.46320 -77.50494 
-86.60941 -204.25202 -144.77492 
-95.59251 -224.48009 -153.02132 
-51.37701 -6.19922 -55.37331 
-100.62090 -236.57754 -155.70099 
-54.90018 -1.91280 -55.04006 
-134.86030 -218.13230 -76.28109 
-90.81641 -194.48409 -146.12093 
-80.47574 -181.33580 -128.55587 
-97.60281 -252.69215 -153.79993 
-121.77846 -188.86912 -73.90765 
-99.49662 -228.58381 -151.13297 
-57.12224 -1.86083 -58.01910 
-70.88631 -9.70882 -58.29331 
-104.32615 -119.64155 -61.39886 
-110.03080 -160.75823 -64.77009 
-127.39114 -223.54972 -76.25669 
-57.66654 -11.69813 -55.87293 
-74.63272 -161.20685 -120.08357 
-128.78586 -186.71383 -69.11676 
-87.40685 -208.28166 -137.58538 
-52.51655 -6.56693 -59.90123 
-82.63217 -189.77353 -135.33669 
-120.50002 -207.27160 -64.02791 
-52.14105 3.91726 -48.47943 
-80.15048 -169.79810 -129.09370 
-88.30190 -206.00301 -136.91223 
-60.93438 -3.88878 -60.44486 
-121.47140 -163.07755 -70.91214 
-129.80477 -212.23251 -82.52380 
-149.15291 -254.88289 -82.49332 
-113.23298 -305.47854 -174.80813 
-85.98630 -219.01744 -148.84119 
-128.87244 -194.54735 -74.41257 
-56.12107 0.85768 -53.58509 
-156.95702 -270.10369 -87.34178 
-58.28559 -2.46421 -53.93641 
-113.64339 -140.38752 -61.17240 
-108.70234 -274.90322 -170.68565 
-108.77391 -156.58239 -64.37816 
-59.01313 -5.85522 -61.85532 
-154.94346 -301.64844 -97.56515 
-99.51886 -226.33830 -156.84945 
-106.78977 -147.58553 -58.66694 
-108.48977 -206.86407 -147.23283 
-82.38702 -213.30878 -137.19418 
-115.44370 -175.18852 -58.62546 
-60.54109 -3.24925 -60.58528 
-118.72476 -184.90022 -63.42867 
-143.71324 -249.66866 -81.31446 
-117.33105 -227.19904 -65.54197 
-142.58601 -236.84127 -86.52826 
-84.43574 -159.95876 -125.48933 
-108.46318 -293.17643 -176.85649 
-116.38108 -169.87607 -61.80376 
-134.18294 -217.59903 -78.70361 
-104.93777 -197.55741 -68.93510 
-131.86662 -235.69294 -72.41489 
-94.74973 -253.05822 -153.94898 
-55.39165 -5.15389 -61.21693 
-110.60878 -252.59273 -166.18021 
-102.19964 -236.52152 -159.98484 
-99.12514 -266.74456 -163.15392 
-121.49724 -185.62093 -65.35482 
-53.36826 -0.07111 -53.76281 
-56.74740 -0.91340 -52.16402 
-64.35334 -6.95630 -58.65046 
-95.94096 -92.74746 -56.88825 
-57.64595 -5.26569 -59.99899 
-50.70173 1.71298 -52.46997 
-86.78954 -165.52122 -129.09405 
-109.94698 -250.29293 -168.74352 
-58.67055 -3.64264 -61.31496 
-59.43382 -0.21630 -54.58914 
-143.87817 -271.38532 -82.63019 
-94.34282 -268.08396 -161.84245 
-77.30882 -157.70635 -123.46895 
-125.91252 -181.65212 -81.94198 
-60.09101 -2.44840 -59.25323 
-55.34949 -3.72626 -53.80361 
-115.20267 -193.76359 -69.24542 
-112.60944 -173.28984 -53.42393 
-52.55029 -2.59473 -59.05578 
-108.47529 -243.15382 -159.74897 
-100.95557 -189.64449 -52.59688 
-140.32442 -252.10535 -88.68896 
-95.79469 -272.96740 -162.80028 
-151.63434 -229.88461 -96.53285 
-133.49359 -193.24362 -82.11605 
-57.83997 -2.04597 -57.11062 
-110.11879 -276.88237 -175.24952 
-57.13593 -0.67960 -56.86142 
-98.21468 -242.01646 -157.47024 
-50.35774 -2.85116 -57.34047 
-107.94498 -162.05589 -61.00206 
-59.37230 -3.63046 -58.22505 
-112.38841 -248.37663 -163.07647 
-116.70255 -179.57644 -69.22250 
-58.40240 -9.93681 -63.70074 
-127.79377 -220.66563 -74.68320 
-168.96026 -272.43650 -99.46041 
-57.15546 -4.18343 -57.61183 
-61.11470 -2.81359 -59.09849 
-101.96435 -219.07228 -152.45675 
-60.03922 -7.43493 -64.96287 
-57.86493 -1.73007 -57.37911 
-52.72932 2.12913 -51.73311 
-86.30041 -184.69657 -132.33265 
-55.06239 -11.38213 -61.21130 
-62.45425 -8.36086 -64.18186 
-56.68315 -8.45997 -61.63239 
-87.40156 -231.20444 -140.89072 
-54.70385 0.25838 -56.20520 
-54.58951 -0.48973 -55.01908 
-113.40596 -165.13726 -68.24847 
-63.04225 -3.62146 -58.29666 
-133.80415 -236.27151 -84.64526 
-113.28417 -201.36540 -66.73671 
-143.22756 -229.81869 -80.66164 
-97.50977 -285.56242 -164.01330 
-48.05528 3.33432 -48.33440 
-95.66433 -236.01091 -152.44937 
-119.01151 -207.45633 -60.06367 
-115.59525 -189.93699 -63.24003 
-56.04014 -1.04654 -55.70607 
-98.54330 -250.47596 -152.48468 
-62.35371 -8.44769 -63.21138 
-105.63521 -264.84258 -164.73882 
-101.22626 -242.52066 -154.90697 
-57.39532 1.08545 -52.14631 
-126.87673 -202.09572 -73.20036 
-91.28088 -173.90625 -132.64976 
-59.45868 -0.72562 -55.63441 
-88.31798 -182.03817 -132.74100 
-94.07649 -136.62617 -60.81824 
-124.84671 -191.40267 -72.95208 
-53.82099 -0.03872 -53.78302 
-88.66234 -179.10369 -139.22923 
-65.82800 -9.34463 -59.68496 
-91.10481 -199.64352 -140.98500 
-112.29751 -272.91770 -168.80574 
-105.22807 -166.05098 -56.30437 
-94.21639 -241.33169 -155.78768 
-61.86749 -4.28806 -56.31094 
-78.45252 -139.27838 -122.70697 
-54.03082 0.81165 -53.07400 
-65.40227 -5.33925 -59.71398 
-64.84523 -10.07826 -61.10303 
-122.30465 -183.71077 -68.26444 
-127.25005 -229.09407 -78.48234 
-87.92095 -214.94438 -145.16672 
-53.84259 2.60766 -49.86573 
-125.02386 -181.36818 -69.45085 
-109.58378 -310.73382 -176.88439 
-149.41255 -274.75805 -81.71629 
-59.12029 -3.58036 -55.74702 
-116.09682 -180.33227 -63.93853 
-97.65053 -225.39990 -153.54440 
-58.21048 -0.82327 -55.11260 
-103.66183 -248.29920 -156.93976 
-56.73255 -7.03496 -54.93811 
-59.09997 -4.18562 -53.94678 
-55.33421 -5.25501 -57.85882 
-53.98516 -0.66323 -58.03689 
-56.03422 1.04418 -53.41446 
-58.39798 -2.52709 -58.35643 
-148.25455 -235.86561 -94.41481 
-53.11453 1.54948 -54.26264 
-62.71666 -3.15334 -58.67187 
-73.57187 -202.30540 -131.21252 
-105.11208 -250.77932 -158.17865 
-116.28864 -150.65588 -69.25686 
-137.72463 -240.16780 -75.40612 
-50.45577 -3.45251 -57.46483 
-86.88518 -156.70004 -125.78497 
-143.42822 -269.67117 -85.64362 
-54.41676 -3.34616 -57.94496 
-107.78158 -174.42133 -58.19341 
-51.05362 1.57586 -52.43594 
-56.73328 -2.32199 -58.09513 
-110.23936 -168.99572 -61.68569 
-98.83091 -251.21559 -154.25340 
-95.08329 -230.92064 -147.15646 
-107.29040 -167.64669 -51.68591 
-58.72599 -0.23421 -55.81420 
-60.90509 -6.55735 -55.73743 
-94.84070 -221.29705 -149.55513 
-60.57632 -1.10232 -55.00107 
-99.14680 -262.94879 -159.81823 
-53.89593 -2.73205 -58.84610 
-55.38957 -3.73983 -53.38442 
-56.74329 0.71254 -48.79643 
-53.73323 2.17858 -49.68212 
-54.20036 -3.80157 -58.21474 
-67.19232 -13.47858 -69.72191 
-57.56371 -1.25147 -55.14161 
-88.48263 -177.72798 -135.92650 
-140.04787 -248.61061 -75.01597 
-132.74871 -227.70407 -71.98800 
-128.64483 -220.72277 -74.79950 
-84.79085 -176.67834 -125.87041 
-125.29221 -167.58494 -77.22541 
-81.71960 -184.12256 -134.97928 
-54.52658 1.87801 -52.51839 
-53.23376 2.04859 -49.84644 
-59.47070 -3.70634 -58.58276 
-62.87968 -9.75861 -65.20433 
-58.79081 -1.45664 -54.40560 
-61.17173 -1.43446 -53.75669 
-59.39979 -6.35507 -64.43462 
-83.68250 -233.29335 -138.80916 
-117.48637 -295.88580 -176.88615 
-59.23154 -0.33697 -53.49768 
-50.67811 -0.82195 -56.25787 
-60.86110 -5.51144 -60.51282 
-135.05474 -238.17275 -77.50888 
-101.80523 -148.69470 -54.86381 
-52.88003 1.73094 -53.38359 
-97.28662 -227.33489 -146.43299 
-87.63676 -221.13028 -145.41309 
-146.84483 -250.92356 -92.62191 
-105.59232 -248.09178 -156.95199 
-117.11955 -199.64340 -62.72043 
-88.14324 -154.99712 -126.19694 
-54.90560 -1.63206 -57.63926 
-57.85579 -1.69134 -55.53683 
-97.11556 -189.48953 -139.91787 
-56.05418 1.07088 -55.06760 
-99.31398 -273.80856 -160.18712 
-111.21256 -199.83892 -63.20197 
-60.67520 -8.21887 -65.57269 
-134.21810 -262.07239 -83.88168 
-88.81093 -269.69101 -144.13835 
-82.72093 -207.77354 -134.09771 
-56.49695 -2.51896 -56.58264 
-101.70681 -286.23558 -167.45023 
-100.55225 -264.90919 -162.77644 
-103.00465 -233.03647 -158.15321 
-56.53503 -5.28104 -58.51158 
-86.85736 -188.24923 -135.71481 
-103.59111 -263.02392 -160.77540 
-52.68820 1.97534 -52.25991 
-134.50360 -221.54093 -85.26405 
-167.20696 -273.79267 -95.99995 
-142.74273 -240.39409 -84.82419 
-148.18728 -265.72126 -93.20092 
-119.08874 -159.26520 -65.54244 
-139.15667 -280.88495 -76.13223 
-74.75721 -143.36738 -119.43735 
-130.03789 -207.99351 -72.02209 
-146.21897 -234.35834 -90.17420 
-55.63121 -4.12477 -53.36224 
-65.72224 -139.68778 -113.69526 
-145.65778 -226.54228 -88.84873 
-101.42181 -239.85247 -157.93644 
-52.81219 -0.23792 -55.20049 
-52.70907 -3.23945 -53.83817 
-122.71072 -181.73935 -75.38041 
-120.30189 -194.04216 -68.27756 
-100.21551 -254.94175 -160.81918 
-103.93052 -258.33640 -161.12723 
-60.16738 -1.59738 -57.75630 
-103.65157 -138.67974 -52.50385 
-140.01558 -217.33827 -82.54878 
-84.19854 -230.12199 -150.16487 
-50.32036 0.75004 -55.42940 
-127.40788 -227.66268 -70.17762 
-59.83080 -6.94332 -62.78990 
-60.50601 -9.52246 -62.67084 
-57.55536 -2.25167 -53.62511 
-126.84371 -180.85601 -74.92146 
-119.18686 -171.04972 -76.00462 
-67.49350 -10.03744 -62.06732 
-60.87755 -4.22031 -57.88185 
-148.06431 -256.30563 -85.36734 
-53.07903 -1.65948 -56.09080 
-95.43730 -203.80604 -142.54193 
-112.97006 -290.86599 -166.57530 
-117.15568 -151.74126 -65.43622 
-102.57770 -254.82509 -156.49985 
-60.19596 -4.26113 -60.62852 
-68.47280 -169.08063 -117.02617 
-115.66867 -148.50985 -69.16603 
-56.93651 -3.00812 -56.92147 
-91.39102 -129.14886 -50.58741 
-115.33891 -283.31454 -175.57677 
-58.70099 0.64448 -46.73948 
-60.66366 -9.45509 -62.41606 
-73.11748 -145.39387 -117.29609 
-72.22951 -217.65122 -139.46211 
-80.01318 -182.65753 -136.13898 
-101.13854 -262.18212 -166.69896 
-56.96716 -1.52511 -51.78127 
-111.55703 -161.07879 -66.55733 
-90.25159 -229.66603 -149.33232 
-73.41969 -203.91306 -132.54710 
-56.44910 0.59627 -49.68026 
-106.96197 -270.80523 -153.58378 
-120.04260 -220.02815 -68.28911 
-51.53244 3.36317 -51.38320 
-102.57317 -296.65145 -167.51531 
-126.21373 -216.50310 -74.56156 
-124.44920 -204.68277 -68.55183 
-135.59271 -224.80791 -85.16519 
-79.50601 -206.61358 -135.95110 
-54.20053 0.88445 -53.20054 
-152.18056 -258.69456 -81.24829 
-54.24694 -2.85563 -59.24185 
-121.77600 -188.39515 -65.02030 
-100.12107 -206.81448 -144.23814 
-108.28056 -154.81429 -62.82484 
-84.23264 -223.99433 -143.50209 
-100.86848 -164.87532 -65.16542 
-73.70692 -162.07500 -113.89040 
-61.25477 -3.02960 -55.66253 
-113.45602 -158.86675 -65.94057 
-103.44390 -134.42105 -59.32250 
-56.87515 -0.44141 -53.34694 
-58.64208 -7.75445 -64.66865 
-87.08477 -197.59798 -143.60923 
-117.22462 -254.47570 -170.60977 
-55.54296 -5.23935 -60.71459 
-104.96560 -148.70492 -56.74919 
-141.70699 -280.26746 -80.89034 
-122.48220 -195.59339 -70.80864 
-132.20801 -221.31266 -78.56785 
-115.88015 -189.87178 -65.67434 
-115.34062 -195.10827 -63.62622 
-80.97370 -227.50293 -137.82034 
-138.13539 -208.46389 -80.49641 
-116.62972 -183.96244 -64.63532 
-144.67961 -292.78019 -99.87353 
-60.16961 -0.06830 -49.52826 
-51.93438 -2.33238 -56.86631 
-54.32542 -2.39363 -56.51407 
-54.28146 3.46888 -50.08344 
-131.15731 -209.46649 -78.08070 
-73.16162 -187.01415 -123.64022 
-98.96342 -211.97378 -148.15229 
-92.43415 -230.10058 -139.02393 
-147.15704 -232.71998 -84.35079 
-125.16773 -218.68045 -66.06537 
-113.85356 -246.31971 -164.39260 
-56.17474 -11.80369 -63.86773 
-96.28466 -229.49423 -155.55263 
-86.35011 -202.50513 -139.98631 
-66.01482 -6.23024 -60.61596 
-145.42118 -287.63932 -82.45013 
-113.72113 -174.68177 -66.47571 
-91.77392 -137.57784 -50.22531 
-139.36867 -232.10676 -76.74061 
-134.89906 -218.35955 -79.89516 
-97.18271 -213.16527 -148.66186 
-55.75469 -4.22502 -50.71078 
-118.17325 -206.17416 -62.83928 
-125.26268 -184.01277 -73.78705 
-59.35391 -5.07948 -57.63084 
-52.64737 -3.60683 -54.95010 
-64.93476 -8.20552 -60.70829 
-57.31579 -0.75948 -56.15539 
-113.70063 -268.26932 -164.46623 
-123.86626 -203.59789 -71.49823 
-108.32044 -149.65720 -54.83563 
-60.71032 -7.56084 -60.02739 
-60.98502 -8.88918 -63.43926 
-100.42354 -232.50537 -153.30101 
-107.87588 -173.93311 -62.10021 
-134.79695 -227.31523 -80.45023 
-56.93163 -3.24661 -56.18325 
-55.09878 -0.31883 -54.16805 
-60.47426 -1.62599 -56.59213 
-90.29829 -223.36685 -145.83046 
-59.71509 -0.79702 -56.08554 
-96.49632 -210.19712 -145.17811 
-100.87935 -175.57040 -53.80756 
-135.48598 -231.27615 -68.10209 
-53.97980 -0.59482 -53.92889 
-60.67954 -5.46530 -62.40901 
-101.38338 -239.90337 -157.19752 
-121.90991 -221.36062 -60.37535 
-58.48074 -0.05813 -52.44788 
-104.02645 -247.32152 -162.23998 
-55.39082 1.83744 -52.97247 
-65.44910 -11.75735 -66.69649 
-139.67475 -236.80711 -74.34518 
-68.13029 -165.58981 -122.78197 
-143.42729 -240.42193 -89.17630 
-95.40313 -134.07035 -45.45352 
-55.64380 -1.59616 -57.02368 
-100.43519 -121.47870 -58.86781 
-65.61633 -11.92291 -63.36400 
-100.94337 -125.64788 -54.99546 
-81.69257 -144.04449 -117.04025 
-55.91879 1.36665 -52.72606 
-96.95636 -228.21170 -151.64175 
-141.42088 -234.14061 -81.71355 
-53.05335 2.35388 -48.64084 
-58.37523 -2.38021 -55.57450 
-95.00961 -227.02280 -154.28411 
-102.69249 -239.46024 -159.49174 
-63.82979 -14.62706 -67.76314 
-57.32295 -5.41249 -54.35888 
-64.10972 -4.76949 -59.53632 
-60.59057 -15.33064 -66.72680 
-106.52688 -116.62534 -62.05726 
-61.59316 -3.08985 -57.60799 
-74.98433 -173.72444 -121.37476 
-110.05526 -189.98290 -60.49481 
-102.41264 -145.62895 -46.22176 
-58.59590 -3.25645 -55.48532 
-78.07648 -169.36748 -124.77641 
-58.09895 -3.66288 -56.44478 
-61.96407 -6.97803 -63.01240 
-65.68965 -9.32510 -62.49888 
-139.45186 -226.17405 -79.85579 
-58.43106 -7.53292 -62.43148 
-56.14144 -1.68602 -58.22603 
-142.49643 -239.77327 -82.34435 
-119.08029 -167.94613 -66.51738 
-124.43895 -208.55018 -74.88088 
-55.03187 0.24993 -55.96715 
-73.24565 -149.59273 -117.06618 
-53.64621 0.80591 -50.18367 
-137.21039 -214.37675 -71.65482 
-60.27451 -4.23876 -56.85331 
-98.25981 -161.90986 -51.72554 
-112.33600 -182.23479 -60.61876 
-104.68349 -273.33110 -171.80386 
-103.22800 -177.94433 -65.27085 
-103.56101 -300.44329 -173.07834 
-82.21504 -192.55772 -137.86558 
-65.68960 -11.84315 -57.87147 
-129.82623 -198.05127 -85.62897 
-58.57151 -2.48500 -57.96060 
-122.30482 -174.00153 -68.07606 
-99.20426 -258.59911 -165.19349 
-115.91650 -168.73463 -62.30164 
-55.68703 -3.36271 -55.46082 
-58.30526 -3.49150 -58.73767 
-127.41345 -234.74466 -69.29465 
-58.14863 -3.73457 -58.03350 
-48.91971 1.31529 -52.42856 
-88.58395 -168.58221 -127.18049 
-79.69936 -195.47072 -132.90609 
-101.94894 -231.40718 -158.43608 
-55.50227 -0.09865 -53.80901 
-56.56308 -3.37748 -58.89541 
-117.73792 -173.56907 -70.67040 
-95.52745 -215.03014 -143.52008 
-119.76618 -317.89801 -184.43147 
-114.20785 -185.23487 -57.18320 
-61.85706 -7.72542 -59.05530 
-142.95333 -226.69598 -85.56190 
-60.29305 -1.94972 -53.17086 
-60.99111 -2.48684 -57.19360 
-84.98774 -212.64333 -141.13320 
-118.54586 -196.71767 -67.67102 
-107.76975 -244.94521 -161.02424 
-134.63606 -219.87625 -74.47414 
-60.61688 -3.62892 -59.95900 
-56.49044 -2.46263 -58.75988 
-51.38846 3.66045 -49.73165 
-87.19011 -195.21521 -133.51724 
-54.10008 -10.08556 -59.35470 
-81.20602 -207.61009 -134.83765 
-131.58191 -209.58035 -67.25622 
-66.36199 -129.58028 -111.86996 
-85.83211 -197.94662 -132.39471 
-90.03784 -183.13258 -138.10790 
-139.10394 -188.86658 -71.30703 
-102.14790 -248.85119 -155.99072 
-99.38686 -256.21488 -160.59775 
-58.05821 -5.31033 -61.32358 
-51.24514 0.97623 -52.91601 
-64.03278 -14.63920 -68.65016 
-56.10844 -2.08196 -58.86733 
-146.37004 -260.58768 -79.42878 
-120.84271 -192.07311 -63.08294 
-152.30385 -265.72666 -88.83980 
-68.52099 -156.42456 -120.59291 
-133.62227 -213.26699 -85.98925 
-59.47930 -1.48463 -54.82991 
-120.29544 -185.43343 -73.15690 
-119.62434 -293.62078 -182.28766 
-93.27192 -242.59052 -150.38460 
-55.98162 0.00622 -55.25898 
-54.30667 -1.03156 -58.11157 
-53.65967 -5.02692 -54.80069 
-57.22475 -3.51558 -58.65964 
-142.71196 -249.34547 -88.65444 
-127.43842 -184.96704 -81.69546 
-83.66712 -85.51964 -45.70052 
-94.97478 -255.11463 -152.72978 
-98.86870 -232.28143 -154.19079 
-62.58146 -9.95037 -64.10821 
-57.06838 -12.76900 -63.48647 
-93.42967 -245.69899 -157.69819 
-148.12234 -220.38431 -91.75899 
-118.75091 -175.01140 -71.49182 
-88.80316 -223.50279 -149.49564 
-134.08049 -239.24868 -75.16376 
-54.45908 0.23336 -52.62895 
-59.20706 -5.37940 -57.76218 
-116.03375 -183.43899 -63.90597 
-56.80145 -4.68493 -59.67145 
-146.64470 -256.20510 -80.87172 
-107.10604 -131.89462 -67.24798 
-155.35673 -273.82122 -85.29380 
-73.58182 -198.63192 -128.87816 
-124.27338 -188.90847 -73.93702 
-58.55380 -2.27176 -54.88033 
-67.70559 -12.52214 -62.12927 
-82.29717 -213.65222 -146.07391 
-135.92427 -241.92307 -82.25472 
-65.75085 -12.92715 -66.76340 
-136.35052 -198.45105 -88.96828 
-52.32078 -2.31874 -57.06446 
-115.45439 -311.70947 -180.65228 
-62.84305 -6.20609 -61.85640 
-127.02486 -307.12666 -182.79776 
-137.26227 -240.28849 -77.47109 
-102.45280 -200.42895 -140.42970 
-92.74785 -217.07028 -149.56221 
-62.57571 -5.57603 -59.09896 
-55.43216 -1.43393 -59.08190 
-59.43771 -1.22810 -56.76288 
-55.03013 -1.58206 -56.64886 
-47.31430 3.20928 -50.60783 
-51.52452 1.35613 -50.30061 
-106.24214 -299.74263 -175.01337 
-55.49237 -0.53845 -54.82963 
-55.53319 -0.80329 -53.46061 
-59.91906 -13.88179 -68.14382 
-111.57016 -175.38985 -60.18812 
-88.08969 -151.15471 -121.22546 
-108.72008 -185.91475 -51.24880 
-124.13547 -219.55188 -66.93316 
-56.12529 -0.87083 -54.02475 
-100.62170 -240.93923 -158.62926 
-53.42238 2.27635 -52.62245 
-47.66022 1.06633 -50.85515 
-132.90898 -224.36295 -71.09558 
-111.07725 -255.66598 -167.67408 
-81.66643 -164.27947 -127.57224 
-49.31468 -1.41200 -56.08184 
-56.28815 -1.36691 -54.44046 
-130.68115 -206.10653 -72.39946 
-93.79285 -197.60688 -148.05548 
-60.21656 -4.78374 -58.82392 
-96.18392 -205.48167 -142.36912 
-109.17920 -271.24022 -170.72472 
-110.21836 -230.84005 -160.72141 
-122.62215 -154.36702 -72.67888 
-143.20122 -237.70422 -84.19661 
-56.80246 -2.62938 -59.67616 
-55.15259 -1.85363 -57.80564 
-62.15459 -7.33980 -61.62602 
-51.25397 -0.63189 -55.51573 
-126.44997 -221.43427 -72.98964 
-120.70554 -215.74414 -71.47465 
-76.30908 -185.73350 -126.59574 
-92.81223 -194.50037 -143.20427 
-105.02314 -266.91307 -162.60577 
-125.67398 -196.20738 -62.87835 
-92.85128 -226.87759 -152.75626 
-56.16394 0.31390 -51.12153 
-108.86268 -167.53233 -58.59552 
-59.25633 -2.99395 -60.55554 
-104.53189 -234.93878 -151.63990 
-110.93184 -151.30814 -68.18871 
-101.56165 -206.04984 -147.52411 
-110.07369 -224.74301 -161.14184 
-151.26388 -281.46123 -84.35501 
-127.56617 -204.12189 -76.01705 
-114.49487 -288.76741 -176.17045 
-99.74611 -222.26774 -141.92286 
-57.54393 -6.05266 -60.61660 
-143.83461 -265.08684 -93.55509 
-125.70657 -194.19545 -69.08071 
-95.83616 -212.18258 -150.19790 
-54.06036 1.21917 -52.05120 
-61.84895 -10.75371 -68.65822 
-99.57862 -214.44068 -147.91242 
-51.92140 -0.29968 -53.13243 
-130.58853 -222.55398 -70.39479 
-84.38000 -152.81707 -122.26825 
-104.25338 -229.43364 -154.99537 
-86.59262 -210.75166 -147.33354 
-61.13632 -6.44369 -57.52410 
-88.42639 -215.16838 -146.35019 
-93.51680 -167.41327 -130.82681 
-53.94123 -2.66153 -58.91094 
-127.96088 -238.87834 -74.35353 
-128.20710 -218.28154 -76.52678 
-58.63470 -1.94082 -56.75721 
-52.36776 -0.94212 -56.42738 
-130.98778 -201.76140 -77.86120 
-134.63123 -227.29673 -76.70638 
-53.76289 -0.02041 -55.08877 
-47.04006 -4.79191 -58.28367 
-141.19977 -243.99557 -75.69207 
-129.49597 -214.67346 -71.52221 
-115.51129 -199.21452 -61.66491 
-129.26434 -248.54216 -73.53201 
-95.30085 -120.11711 -59.90013 
-140.00675 -190.53294 -74.47874 
-111.08776 -243.21423 -164.31843 
-106.28644 -159.28770 -61.89099 
-50.44989 2.83060 -49.44027 
-95.68393 -209.10793 -139.98221 
-120.98342 -231.66715 -66.76334 
-132.46987 -210.23883 -69.73884 
-118.28690 -164.40036 -63.96957 
-95.23526 -195.50553 -140.79628 
-48.53858 3.00092 -51.50981 
-98.98368 -269.80516 -164.05854 
-85.98389 -190.74550 -137.40539 
-96.26037 -238.33894 -157.38058 
-116.28500 -272.92338 -170.07559 
-125.21670 -200.89301 -67.43065 
-58.51780 -4.48504 -54.43821 
-132.85628 -235.23472 -75.07950 
-155.06026 -282.99463 -93.06032 
-97.13756 -308.10648 -164.70897 
-81.69143 -196.27571 -134.11039 
-84.15994 -170.83626 -127.46870 
-61.53304 -7.21479 -64.59590 
-100.40524 -289.25355 -165.25833 
-136.79944 -251.77604 -80.88476 
-92.55078 -236.20712 -152.01967 
-98.26606 -272.03598 -160.18558 
-124.36555 -192.78855 -68.11626 
-140.84237 -247.65385 -78.83174 
-48.20984 5.32726 -44.12728 
-86.54516 -199.95733 -138.75820 
-135.26120 -254.45680 -84.00060 
-52.42043 0.51043 -48.87159 
-57.03998 -3.72310 -57.64925 
-88.13284 -177.48805 -130.42054 
-88.79011 -237.07911 -144.10025 
-124.09168 -237.47654 -60.08071 
-107.97599 -245.14668 -148.47823 
-114.34286 -174.21216 -60.41289 
-104.60436 -130.40198 -55.61784 
-56.08374 -1.69147 -58.18620 
-125.48413 -247.42309 -81.05489 
-48.35415 1.93365 -52.68354 
-113.03525 -141.06900 -62.59890 
-112.35770 -245.54476 -169.35916 
-60.40212 -6.89101 -58.56739 
-135.72905 -295.39233 -76.64596 
-102.49905 -286.32537 -160.29679 
-93.44207 -276.24672 -156.82566 
-130.66924 -213.17260 -94.73936 
-65.22798 -6.41898 -57.81040 
-75.82875 -176.38364 -124.59511 
-57.74471 -5.40268 -61.56114 
-136.20452 -202.65871 -88.58983 
-57.46605 -3.35483 -55.93339 
-122.18423 -199.53742 -62.98463 
-95.75412 -214.38902 -139.98941 
-59.72129 -5.34291 -56.77651 
-121.19739 -207.59697 -80.37700 
-107.19448 -229.57542 -159.53718 
-118.89610 -160.38228 -68.30783 
-115.74739 -182.27694 -65.93728 
-99.19565 -269.83889 -159.10667 
-94.59075 -192.72681 -141.44947 
-99.19075 -249.76145 -158.83702 
-99.66820 -243.08163 -159.38972 
-58.87514 -2.94280 -58.02884 
-54.24691 -2.60925 -53.21706 
-137.47752 -207.03201 -78.48352 
-91.00964 -218.88643 -146.47187 
-111.60592 -311.88690 -174.08134 
-53.79022 -2.12996 -57.72809 
-143.24274 -246.90681 -82.06816 
-56.41062 1.44457 -49.74387 
-97.28581 -204.26374 -143.80258 
-113.98117 -159.02770 -64.63449 
-153.72979 -240.32363 -90.33991 
-102.34553 -178.33450 -55.64838 
-115.89869 -287.15516 -172.31793 
-66.69637 -16.34759 -67.81187 
-53.15661 2.82252 -47.91749 
-122.23018 -198.75347 -74.18904 
-93.57282 -228.12760 -152.18130 
-115.82207 -170.54578 -58.93688 
-148.53665 -308.80710 -87.97266 
-140.27419 -234.81596 -71.38310 
-89.19927 -255.63006 -155.73491 
-46.06664 0.29893 -50.34260 
-113.97144 -186.64003 -58.96810 
-104.30054 -238.37822 -161.21521 
-93.51428 -233.40982 -148.18422 
-96.45660 -259.52277 -159.59375 
-50.71465 -2.26511 -55.72694 
-123.52004 -200.41748 -77.23873 
-57.63648 -0.72503 -55.41674 
-69.54448 -129.50167 -110.39444 
-95.78973 -295.12937 -167.04878 
-101.00799 -154.89388 -62.07433 
-134.59114 -230.13120 -73.39014 
-109.51395 -252.06255 -156.75753 
-62.13409 -6.45334 -62.08842 
-135.69854 -239.59370 -74.89385 
-97.69339 -251.94283 -155.42841 
-58.34148 -0.70103 -54.73332 
-128.84874 -230.69134 -73.71879 
-103.27925 -230.36913 -155.08933 
-99.40924 -228.36978 -151.89334 
-107.48927 -234.22074 -162.29605 
-86.59970 -234.82429 -146.60850 
-50.87287 -1.61385 -50.52723 
-103.41097 -238.75199 -159.49595 
-62.93771 -9.10957 -63.39444 
-112.98637 -306.27071 -185.55497 
-144.65913 -272.65317 -84.69560 
-55.12999 -0.82307 -57.37011 
-56.37202 -2.55513 -57.00579 
-94.66136 -159.80639 -134.56812 
-137.08815 -212.04853 -85.21206 
-62.92570 -6.40976 -60.05875 
-103.43499 -299.75171 -171.38109 
-150.44628 -248.94131 -82.11482 
-129.87150 -221.86372 -76.24774 
-138.07779 -221.85287 -75.00428 
-116.22346 -240.14333 -66.53986 
-122.93481 -205.52953 -65.32574 
-51.82979 -3.21114 -55.46594 
-138.79071 -211.05184 -80.57868 
-60.66602 -2.18671 -57.65786 
-58.27766 -1.84211 -57.96175 
-56.27328 -5.09326 -59.24724 
-52.02311 1.82597 -52.94605 
-126.85507 -211.24219 -72.61817 
-108.47781 -283.55689 -166.56291 
-125.39340 -191.19352 -75.55237 
-133.66489 -217.74991 -70.05378 
-126.92450 -165.20158 -65.02572 
-106.29712 -245.59316 -144.10265 
-92.31076 -222.40672 -146.52455 
-128.30203 -200.27534 -73.19090 
-49.42089 -0.78765 -55.36969 
-150.86043 -292.97832 -87.30160 
-99.11101 -197.15498 -141.08601 
-121.04788 -227.96269 -73.50586 
-109.21348 -152.26891 -61.69045 
-55.62929 -3.86912 -57.17382 
-138.44622 -253.33930 -82.98512 
-102.86604 -152.72603 -58.38155 
-50.68582 -2.73376 -56.36234 
-66.08168 -6.52935 -61.64431 
-110.01283 -241.16325 -161.76998 
-63.06296 -7.70605 -62.83920 
-57.33430 -5.60680 -59.47037 
-150.67524 -280.24969 -91.18821 
-53.58466 -3.87524 -55.18261 
-55.81397 0.47260 -53.86306 
-138.74533 -265.13790 -70.41709 
-152.88017 -265.45524 -82.20553 
-59.70099 -5.35521 -58.47702 
-128.65833 -194.14724 -64.83728 
-126.05743 -195.31676 -71.17731 
-142.00684 -272.47738 -76.82131 
-50.10003 0.75505 -52.73330 
-113.83401 -262.15795 -173.56454 
-102.82873 -210.26574 -148.58996 
-56.25170 -5.84182 -58.28322 
-83.70368 -210.49285 -140.37369 
-53.41545 -1.09358 -52.55797 
-119.21701 -180.24964 -66.75253 
-94.20320 -256.64524 -160.85548 
-86.96153 -218.70256 -148.19283 
-74.46245 -221.97159 -138.92463 
-105.49348 -241.22972 -164.10215 
-115.90646 -197.53929 -72.79308 
-132.97257 -214.13834 -74.22749 
-62.22798 -4.71548 -60.42435 
-66.89627 -8.79989 -62.39829 
-53.08037 1.37622 -54.02324 
-54.28515 -0.99038 -56.77296 
-118.12989 -200.04083 -68.32601 
-129.92825 -211.70250 -76.78551 
-102.06350 -273.76276 -163.61301 
-105.42034 -275.60746 -168.25316 
-48.33034 0.00690 -53.06180 
-142.19224 -227.86069 -88.96760 
-56.83587 -1.84857 -49.86476 
-79.76770 -189.57232 -134.08197 
-61.87223 -4.86325 -59.55747 
-55.72290 -1.13811 -52.81115 
-112.43033 -182.82071 -60.64919 
-46.58455 3.43507 -45.35356 
-53.36494 -2.95856 -59.51071 
-59.42797 0.11952 -52.91994 
-81.38289 -227.71963 -147.99901 
-97.77364 -261.55682 -158.12256 
-92.87203 -208.79342 -147.86678 
-117.23920 -169.88410 -70.84735 
-56.95115 -0.69664 -53.28812 
-86.98519 -176.84131 -137.06775 
-109.83868 -158.77732 -58.18248 
-117.07681 -205.19589 -63.01276 
-121.62894 -295.70211 -184.80232 
-102.96967 -259.64576 -160.55452 
-132.72336 -217.61260 -79.17542 
-95.12764 -203.80778 -145.33403 
-49.65275 4.16517 -44.89875 
-63.16598 -6.83238 -63.63692 
-54.38858 -2.53101 -58.40704 
-113.19344 -144.79925 -68.24213 
-120.43130 -209.00486 -76.25728 
-95.96161 -225.68497 -153.01570 
-118.58799 -202.15488 -71.86173 
-96.05673 -115.39293 -57.62230 
-56.79713 0.75259 -54.52415 
-151.40703 -228.30063 -91.63299 
-118.46973 -165.74404 -64.67199 
-82.25866 -173.89452 -125.05776 
-89.63936 -202.08254 -142.51563 
-81.28292 -150.07068 -124.31584 
-124.50079 -197.98537 -71.82833 
-109.02351 -152.42231 -64.31980 
-76.82100 -202.73361 -135.10206 
-96.57597 -254.72801 -162.18094 
-60.40198 -4.14917 -60.74408 
-53.37806 3.69012 -49.11025 
-50.06680 -4.98487 -57.16833 
-100.18973 -250.93947 -153.21961 
-106.31211 -241.57705 -157.02004 
-66.46804 -6.64091 -61.88116 
-104.53109 -169.25386 -47.88565 
-95.27959 -235.30084 -149.21990 
-108.13068 -166.03266 -57.39219 
-119.53220 -181.84983 -62.07646 
-96.76799 -159.99731 -59.37111 
-88.30020 -186.49954 -138.63003 
-51.74030 -1.42112 -51.32967 
-54.65359 -0.66434 -56.05485 
-124.45479 -179.35691 -66.37181 
-56.94485 -2.76814 -54.94242 
-59.54174 -3.60180 -52.68560 
-94.47316 -221.57337 -143.53775 
-114.95011 -312.67947 -177.23759 
-62.19535 -4.00108 -57.75103 
-99.83379 -254.79894 -158.59611 
-54.33855 -5.13910 -60.03837 
-129.12836 -186.18816 -76.95720 
-139.52259 -219.54680 -92.57492 
-55.98647 -2.81512 -55.34305 
-121.03290 -166.35179 -76.31976 
-108.84604 -237.20769 -158.57191 
-114.19064 -156.55147 -66.16297 
-100.48119 -152.92669 -57.19539 
-106.83886 -130.60817 -64.91140 
-96.33950 -261.72133 -153.17796 
-115.58114 -196.08799 -71.81752 
-82.31890 -205.07360 -133.56382 
-117.52380 -235.67209 -67.50547 
-58.25485 -8.16698 -65.07608 
-106.56292 -194.30791 -56.94640 
-164.27135 -287.04266 -87.76368 
-137.61357 -214.95415 -80.23890 
-126.04943 -189.13742 -65.13819 
-99.75576 -207.00781 -148.42369 
-80.94223 -200.67958 -140.73518 
-56.61317 -8.39378 -64.64897 
-55.50294 0.35766 -55.29649 
-138.34009 -243.85278 -77.44753 
-119.08202 -286.16174 -178.29113 
-106.54780 -226.65199 -154.41418 
-119.61947 -187.15237 -71.03824 
-81.54863 -186.53219 -125.46155 
-78.00077 -161.19583 -120.70426 
-57.65095 -3.50627 -60.03967 
-103.86560 -232.52804 -157.95909 
-50.93692 3.01835 -46.26895 
-94.46329 -250.36227 -158.12656 
-105.13821 -205.97471 -152.13266 
-64.33726 -7.75284 -64.49314 
-103.08618 -166.83308 -60.28773 
-54.47932 3.05098 -50.12000 
-60.48669 -6.32807 -58.17681 
-128.00615 -207.84935 -75.29506 
-119.38456 -192.62052 -76.60388 
-86.74176 -113.95653 -48.97574 
-59.42244 -2.04890 -57.49183 
-114.36606 -166.45392 -66.28147 
-53.87395 -0.45458 -56.05884 
-55.30353 0.10557 -55.47772 
-61.53142 -4.18671 -56.54950 
-56.99380 -2.85751 -60.54366 
-93.36719 -137.11823 -42.72710 
-104.51831 -121.97739 -60.94934 
-53.14410 0.87481 -55.12942 
-102.87477 -152.46352 -58.25198 
-97.32301 -224.96811 -148.96823 
-107.70921 -139.52889 -59.30491 
-131.13796 -187.83250 -67.16464 
-113.79927 -298.88522 -174.70275 
-76.20425 -175.18111 -122.45410 
-115.18174 -201.67938 -68.13784 
-83.20413 -196.62208 -129.94582 
-112.04899 -274.20131 -173.84730 
-130.20438 -208.13648 -76.46678 
-60.96247 -3.76159 -55.57638 
-61.65838 -6.14003 -61.05925 
-104.19574 -197.49062 -149.74030 
-119.35270 -338.47529 -186.76815 
-71.19661 -173.04032 -124.39147 
-59.53656 -5.91339 -59.18956 
-54.99336 1.24020 -52.45018 
-97.44967 -247.55172 -148.79543 
-59.17021 -5.12478 -57.62712 
-85.06483 -183.18921 -135.78766 
-56.82468 -2.93410 -60.27800 
-107.51362 -268.31449 -171.56119 
-118.59693 -171.96718 -64.71380 
-148.88340 -239.75325 -90.11640 
-120.62737 -143.23978 -68.43561 
-135.90207 -219.75020 -82.02554 
-57.64850 -5.73983 -58.34215 
-57.21195 -3.27529 -53.89440 
-87.74308 -191.30588 -138.39492 
-129.89544 -232.03665 -74.50324 
-149.88340 -278.97810 -99.18867 
-67.37640 -13.87917 -67.42314 
-51.53481 -1.63184 -53.52110 
-63.77174 -10.40526 -65.96409 
-91.59298 -157.87798 -132.41052 
-116.21710 -290.31225 -172.73622 
-58.43712 -2.16890 -53.53999 
-54.75816 -1.23663 -57.70438 
-92.52049 -207.37494 -147.34059 
-128.20955 -220.88289 -83.87194 
-90.39015 -210.53256 -148.74886 
-100.58070 -266.43270 -156.36552 
-53.79005 -5.98788 -60.44112 
-52.90233 -2.91380 -58.27790 
-100.77423 -232.31335 -150.24946 
-86.74197 -171.99106 -131.25127 
-104.22404 -164.71515 -52.92924 
-83.56793 -179.23234 -131.56505 
-140.02398 -224.68200 -75.00699 
-158.99884 -284.03559 -91.47607 
-105.27366 -287.45006 -169.97525 
-53.73280 -2.05146 -52.64437 
-79.05712 -199.64704 -131.18059 
-94.66342 -205.62154 -140.60443 
-99.68921 -243.93966 -152.67079 
-92.02609 -194.01754 -148.83442 
-117.41123 -161.08737 -59.92574 
-55.13814 -3.90671 -54.40624 
-99.93175 -134.52113 -59.36896 
-55.21693 1.14907 -53.93103 
-91.08303 -184.82059 -139.03236 
-96.25247 -119.57043 -48.36789 
-112.92625 -210.87462 -57.20530 
-123.57903 -190.38682 -66.08731 
-94.25995 -282.17530 -164.87978 
-55.50570 -2.23744 -55.41756 
-107.92065 -254.54314 -159.75014 
-56.11691 1.40263 -52.58563 
-131.00546 -211.52755 -79.76520 
-57.88187 -3.18003 -57.58962 
-90.11430 -251.07783 -155.92325 
-109.15269 -182.37753 -66.53033 
-125.61458 -207.61090 -69.60120 
-81.27804 -205.77364 -142.51391 
-87.76378 -176.50714 -135.50224 
-128.38598 -217.55183 -66.86021 
-53.60654 -3.01888 -58.51849 
-119.36735 -184.69901 -73.73380 
-93.09514 -236.55095 -149.97893 
-56.32913 -1.81939 -58.28403 
-139.19839 -345.62842 -204.76762 
-55.97487 -0.87344 -53.10647 
-97.64188 -252.59758 -153.07086 
-136.97194 -281.78228 -78.20790 
-95.25015 -279.83034 -162.83106 
-52.75649 4.32094 -47.85210 
-117.41949 -174.77411 -67.36092 
-53.21641 0.67803 -49.89393 
-91.06463 -215.24283 -142.05315 
-85.06575 -155.05951 -124.33172 
-114.80156 -174.18730 -68.36813 
-91.06176 -241.65763 -152.01653 
-129.74423 -217.33473 -71.96422 
-64.00459 -5.39120 -60.70375 
-57.92680 -0.48401 -56.27396 
-62.76804 -5.76104 -62.39205 
-128.67453 -198.62320 -79.40869 
-78.78851 -223.57219 -142.76162 
-59.97693 -4.45665 -60.45980 
-58.78247 -3.51775 -57.99451 
-52.30265 -7.19231 -63.13349 
-127.60524 -200.93636 -69.08649 
-80.49073 -150.53643 -120.91076 
-104.20284 -257.53178 -165.84500 
-49.70606 3.09187 -50.96456 
-122.41114 -203.32246 -72.50376 
-55.29599 -3.19650 -57.64772 
-82.60546 -211.83788 -134.92808 
-54.84605 0.88773 -51.92221 
-92.08171 -212.91234 -146.33433 
-53.90326 -5.69904 -57.44885 
-110.47000 -190.16215 -57.03817 
-80.35625 -110.38590 -50.70679 
-94.31578 -218.16852 -141.36311 
-55.08578 0.03028 -55.50811 
-104.39780 -298.47854 -171.33156 
-67.95982 -18.36705 -73.79578 
-124.32600 -187.90584 -67.31125 
-121.05416 -192.47882 -74.60208 
-88.50742 -206.42761 -138.24567 
-97.22656 -171.42175 -132.48048 
-86.06409 -142.74461 -126.06420 
-93.86733 -229.54895 -149.88562 
-123.08960 -175.09970 -67.52958 
-84.42598 -191.55461 -136.42514 
-56.18510 -2.24314 -59.70039 
-65.07794 -10.99316 -67.08024 
-129.17208 -227.33069 -73.59676 
-147.55931 -285.52055 -93.41111 
-127.17915 -200.50785 -69.71244 
-122.88335 -188.06366 -64.04796 
-125.64479 -199.51550 -68.41362 
-139.27584 -222.99643 -81.01020 
-91.94307 -199.01157 -142.09978 
-115.91951 -200.62356 -60.79087 
-93.60740 -184.54945 -132.71912 
-55.23327 -1.93805 -54.34144 
-52.77336 2.54048 -52.53732 
-56.15802 -2.89746 -59.36150 
-58.22043 -7.62740 -61.54797 
-144.41242 -228.92120 -92.21014 
-153.00253 -281.64431 -92.53029 
-51.67801 0.04000 -51.57182 
-121.97245 -210.73144 -70.44641 
-94.46419 -230.01324 -149.49509 
-117.98660 -201.67229 -76.72137 
-54.28249 -1.29054 -56.64944 
-98.91814 -242.47296 -153.68800 
-60.25718 -4.88565 -57.71096 
-62.88202 -172.41916 -121.45699 
-53.56765 2.09134 -53.35054 
-57.91729 -6.66306 -55.31128 
-62.73725 -8.68574 -62.17363 
-94.54962 -191.73221 -138.63646 
-119.37231 -165.56100 -62.48116 
-94.50433 -199.59812 -141.71482 
-56.14195 -1.26701 -55.20999 
-116.87200 -284.93790 -175.07759 
-54.90300 0.59683 -53.31594 
-55.67344 0.24778 -47.99050 
-59.79791 -1.62358 -55.56138 
-56.98399 -4.02545 -60.87266 
-138.18973 -207.62987 -76.07519 
-135.64508 -209.49142 -78.01372 
-51.38761 1.69601 -50.34114 
-124.96886 -229.96142 -85.02260 
-90.79506 -216.77773 -140.79769 
-59.87717 -2.14191 -58.65372 
-58.86484 -4.34130 -56.30858 
-108.26358 -152.32191 -64.49344 
-89.44992 -242.47986 -149.62291 
-90.72514 -232.56330 -137.74430 
-54.64155 -0.01026 -52.46675 
-146.31632 -248.62735 -92.31675 
-99.46519 -242.54323 -152.02017 
-58.75507 -3.89963 -56.20472 
-121.36099 -152.77148 -61.55500 
-57.25534 -2.00896 -53.81702 
-104.17537 -185.98251 -56.62710 
-46.69027 -1.42682 -51.13602 
-137.55200 -238.40349 -75.04021 
-78.17370 -201.00980 -138.87531 
-98.16342 -121.83721 -50.83355 
-132.53917 -204.26843 -74.94178 
-59.07715 -6.44178 -60.54246 
-104.72580 -256.79314 -162.41244 
-112.34463 -259.27634 -171.11134 
-96.73951 -170.86385 -50.47660 
-59.85326 -3.25799 -60.46728 
-56.83038 -2.53153 -59.77614 
-51.88951 2.19128 -52.87182 
-127.16862 -167.71112 -68.27650 
-96.75216 -269.04117 -157.34811 
-103.00406 -214.61473 -139.70150 
-60.95896 -7.22383 -63.05858 
-108.51042 -210.14230 -154.96095 
-71.56345 -14.38034 -67.40614 
-58.33048 -1.21257 -54.64553 
-94.15574 -220.14746 -145.73348 
-53.40730 -4.62117 -58.94393 
-79.43108 -179.61336 -132.91247 
-123.07349 -196.53954 -74.26253 
-60.75637 -7.17104 -62.00791 
-145.93986 -252.45344 -75.35922 
-72.71092 -193.27598 -127.96443 
-51.81255 -1.89110 -52.42840 
-59.52272 0.51210 -50.09012 
-48.78917 2.47761 -48.07320 
-94.56373 -227.70313 -150.33949 
-113.97658 -259.32799 -166.75172 
-146.02550 -246.91504 -87.13753 
-50.23569 -5.65568 -55.39461 
-125.89648 -179.70200 -75.40955 
-83.73611 -187.31501 -136.63057 
-90.55209 -190.21251 -135.48332 
-130.13161 -189.44560 -79.21769 
-62.92521 -6.76192 -62.76521 
-98.20713 -242.40825 -156.20653 
-57.87980 -3.07050 -56.49776 
-55.12527 2.88576 -49.50112 
-119.69629 -167.10379 -71.01053 
-129.87672 -202.24528 -68.13874 
-55.08830 -1.46279 -52.08378 
-112.43930 -310.71452 -170.07317 
-166.79138 -301.16964 -97.51956 
-75.63518 -164.00630 -120.94625 
-61.06319 -5.69187 -59.43771 
-88.55719 -188.32853 -133.08458 
-100.77261 -233.58083 -156.37954 
-60.31888 -6.05701 -63.49006 
-49.14139 2.62670 -50.67942 
-55.69982 -0.38782 -54.87423 
-58.81762 -0.63054 -56.41537 
-146.61110 -291.73936 -95.28984 
-54.08944 0.48204 -54.43871 
-61.20629 -7.52648 -64.86110 
-59.45927 -4.93721 -58.95774 
-55.58129 -1.85825 -58.71336 
-139.38614 -248.88758 -77.41564 
-61.85217 -2.62819 -54.52293 
-61.66020 -2.54525 -56.21145 
-130.24746 -228.98823 -78.80365 
-60.47616 -9.99033 -66.18999 
-52.85940 -0.74290 -57.21677 
-143.30903 -243.34994 -81.63375 
-58.55784 -2.74017 -55.99636 
-107.99049 -163.23446 -55.95536 
-87.45200 -205.85745 -129.81343 
-62.65481 -3.59579 -55.31837 
-62.66382 -12.96297 -65.67025 
-157.07097 -307.31803 -91.44337 
-117.48809 -185.27922 -76.20860 
-54.35959 -1.98285 -55.78803 
-54.62303 -1.57098 -56.39150 
-60.54296 -5.31607 -60.38673 
-59.60707 -1.84606 -56.92793 
-84.22059 -213.89705 -132.08694 
-94.15499 -285.53648 -168.28359 
-112.10508 -280.25270 -168.38651 
-97.19926 -221.42283 -148.70749 
-52.73368 1.43043 -52.21720 
-57.35323 -130.47188 -92.64363 
-89.49875 -197.82218 -145.15304 
-57.78503 0.65091 -53.72886 
-94.00372 -125.89816 -61.08040 
-114.82860 -285.09890 -175.45422 
-98.27926 -212.51201 -153.12743 
-106.52062 -301.48908 -175.57318 
-85.92052 -204.67121 -137.15675 
-129.70197 -210.79490 -84.23472 
-63.48752 -4.56837 -60.60722 
-54.14292 1.11389 -44.78285 
-129.24549 -209.29758 -76.61731 
-132.98853 -238.35940 -83.04340 
-60.45281 -2.85952 -55.97823 
-123.71653 -221.13298 -77.54102 
-53.38964 1.31372 -51.82456 
-119.23437 -191.94268 -72.81690 
-54.28809 -10.83882 -60.61593 
-84.24757 -181.62102 -133.93673 
-86.47766 -171.31416 -125.27792 
-59.85770 -7.32519 -63.54125 
-126.33374 -349.73272 -203.77506 
-63.34357 -14.31419 -67.51425 
-86.05978 -211.24762 -123.30500 
-108.32885 -256.30408 -166.73895 
-54.02850 -1.92918 -56.59483 
-94.52930 -249.86987 -153.21531 
-136.96997 -190.89793 -77.20266 
-96.68683 -268.29661 -157.76308 
-114.45513 -279.94614 -166.71681 
-100.87306 -203.68315 -150.47975 
-89.03781 -286.56073 -152.85576 
-89.51939 -210.51301 -146.32541 
-112.86055 -141.77283 -64.70512 
-74.97853 -152.94186 -112.26498 
-155.55853 -285.00213 -92.40748 
-103.81961 -254.47596 -161.64758 
-101.41739 -220.17177 -153.18653 
-94.57020 -233.02301 -148.10783 
-80.69709 -195.82911 -128.45073 
-149.18157 -279.00030 -90.05553 
-118.25492 -196.97861 -64.36854 
-126.53576 -173.17614 -82.19010 
-63.69144 -6.76950 -63.33639 
-51.93209 2.49476 -49.96752 
-59.34234 -4.90783 -56.95858 
-116.03053 -199.96547 -58.34641 
-56.68694 -5.14332 -61.09579 
-58.37039 0.64643 -53.21781 
-133.54058 -247.22809 -71.32861 
-55.97141 0.19324 -52.36639 
-96.83459 -249.18692 -158.50508 
-115.44049 -264.21350 -169.28004 
-93.61907 -254.21847 -155.71789 
-57.27407 -0.00560 -55.48024 
-119.27065 -181.94017 -61.54231 
-86.10161 -198.60459 -135.83952 
-100.57697 -221.43680 -146.58259 
-126.29917 -242.01980 -66.82782 
-59.59711 -5.85009 -60.04967 
-117.59780 -158.70305 -66.09215 
-100.04393 -172.73086 -63.00032 
-130.63294 -225.73531 -72.55919 
-89.03767 -194.94607 -135.14521 
-59.10723 -7.31527 -60.75426 
-59.38318 -1.27012 -56.00679 
-126.77478 -195.02485 -74.33013 
-105.49272 -216.07871 -148.91887 
-57.76070 -0.19047 -55.18135 
-111.51052 -238.90530 -155.38834 
-136.31193 -243.58639 -62.49076 
-119.40230 -305.89131 -180.65238 
-58.59507 -3.46206 -61.17285 
-73.64409 -192.11314 -136.44126 
-109.67927 -304.03417 -181.92614 
-94.68325 -214.88557 -141.60117 
-106.17573 -166.63502 -62.99913 
-96.18893 -209.79916 -147.15097 
-54.21925 1.43573 -51.19509 
-95.91369 -252.21854 -148.32144 
-55.79621 0.93168 -53.08313 
-59.83067 -2.07064 -57.02291 
-134.41939 -239.18937 -83.20066 
-56.15590 -0.24453 -55.46977 
-47.86777 0.17220 -49.30287 
-141.92510 -198.54493 -86.97088 
-107.10361 -247.45853 -159.47871 
-71.30671 -168.80903 -125.45967 
-125.19607 -187.52411 -74.42703 
-124.65894 -288.34074 -183.34587 
-149.57871 -254.48819 -81.92360 
-64.17451 -8.53140 -65.70798 
-94.86330 -209.76296 -151.47063 
-82.52615 -200.01771 -137.22204 
-51.43203 0.84126 -53.96991 
-59.38171 -2.11619 -58.06265 
-56.23924 1.57773 -52.60694 
-131.05714 -205.90481 -75.23708 
-73.72329 -139.28664 -118.62637 
-134.20233 -258.11744 -91.24160 
-112.33145 -179.69312 -56.38744 
-101.46510 -251.79914 -153.37641 
-58.97221 -8.23686 -60.74176 
-84.91685 -209.83094 -136.07783 
-139.13882 -240.28863 -72.70955 
-168.90339 -301.99133 -95.10400 
-107.11043 -220.47606 -153.98342 
-162.50193 -294.15882 -99.77767 
-52.74817 -3.97021 -58.26584 
-127.36363 -202.60186 -69.56225 
-53.44389 0.20427 -55.35083 
-54.68772 -0.24043 -55.28756 
-104.06602 -258.63987 -163.05975 
-47.45071 4.33780 -45.78956 
-166.39386 -299.95466 -96.62196 
-96.20062 -251.90065 -155.05245 
-88.61046 -214.02495 -151.70759 
-65.49060 -7.95045 -62.01566 
-120.16974 -166.25628 -69.62067 
-132.92280 -208.09774 -76.15217 
-133.59642 -230.54563 -75.73806 
-105.49931 -232.36663 -153.69212 
-136.44360 -250.47286 -78.93413 
-59.56963 -2.73465 -54.87829 
-51.33751 -1.24448 -57.11071 
-51.90068 -1.20183 -51.35855 
-135.29676 -216.52767 -85.45543 
-128.61855 -220.87484 -76.58970 
-145.79085 -249.29096 -80.83134 
-104.00583 -222.17711 -154.52330 
-125.58318 -197.87579 -71.34487 
-98.92667 -148.04796 -59.56546 
-126.52726 -203.16912 -77.15637 
-96.35310 -255.04667 -160.35004 
-62.56996 -5.15605 -61.71837 
-55.88046 -4.87686 -59.20012 
-49.74883 1.87662 -50.45855 
-106.15596 -217.48388 -147.88831 
-96.73200 -204.33509 -147.20657 
-69.02325 -10.66564 -64.28482 
-106.36712 -230.99339 -149.45204 
-87.06417 -210.00775 -139.95458 
-58.88547 -8.20850 -61.55143 
-138.03088 -267.24037 -78.66256 
-58.30564 -1.77094 -55.55029 
-106.79963 -254.13455 -161.87995 
-106.88165 -239.40473 -160.11940 
-91.65837 -221.34085 -148.11020 
-89.16295 -177.16908 -138.83248 
-122.32213 -201.35486 -76.37775 
-126.51191 -210.04174 -79.63528 
-92.41246 -212.51821 -142.53193 
-110.39997 -246.51655 -166.64875 
-125.72283 -201.54734 -69.03276 
-134.34464 -222.60850 -81.30552 
-54.98104 -1.62372 -58.47653 
-56.56108 -0.66338 -50.79784 
-50.24318 0.18484 -48.62765 
-55.16208 -0.02285 -54.54827 
-86.64265 -226.47712 -138.05743 
-66.83718 -11.75291 -68.17412 
-61.34898 -4.72177 -57.67549 
-104.34966 -182.71840 -53.54147 
-99.49635 -217.66470 -145.28950 
-60.61363 -7.05152 -59.33964 
-52.56682 -0.23113 -55.54515 
-54.23201 2.90245 -50.37290 
-81.44931 -185.14102 -136.83693 
-126.82046 -206.63876 -80.36482 
-129.17960 -251.00279 -73.22862 
-143.82968 -235.73511 -76.49581 
-50.60793 -2.26449 -57.88442 
-115.88035 -186.20904 -68.30177 
-80.74542 -227.84228 -136.24306 
-118.78432 -166.90388 -63.52674 
-58.45357 0.07953 -53.49547 
-133.26264 -205.65111 -74.96356 
-54.52220 1.72419 -52.17379 
-137.18562 -233.69127 -87.19198 
-57.84707 0.84919 -52.68418 
-60.52812 -4.62763 -57.38460 
-152.87456 -267.77278 -87.40877 
-136.16251 -212.74100 -78.50338 
-122.57010 -219.33963 -68.41175 
-94.60752 -224.98375 -153.94025 
-54.68931 0.32357 -55.19767 
-100.13880 -228.07914 -152.19213 
-65.02693 -8.96452 -64.37178 
-87.57674 -205.92900 -141.20304 
-101.98536 -174.05883 -56.54766 
-56.44872 -7.91369 -60.59866 
-140.85803 -225.77134 -89.83720 
-133.24909 -224.47500 -68.53551 
-103.86981 -311.81067 -182.35404 
-80.61355 -205.63958 -134.51135 
-108.55271 -273.76204 -164.78405 
-102.61927 -237.20493 -157.49941 
-97.52893 -218.74797 -141.14145 
-112.64813 -271.53771 -169.46312 
-60.44190 -2.03056 -56.97413 
-61.76144 -2.21860 -56.10674 
-61.31562 -4.29736 -59.20688 
-123.85801 -169.19193 -75.43487 
-128.84740 -246.09936 -77.96509 
-94.01479 -255.67423 -153.38340 
-58.58160 -10.60192 -65.83325 
-147.64314 -255.01918 -92.06436 
-107.87153 -155.19710 -56.69387 
-59.86346 -0.56460 -56.17572 
-53.61559 -7.56608 -60.20911 
-55.12472 -1.18696 -57.78421 
-120.99858 -194.27335 -65.23498 
-150.84332 -309.05889 -80.87364 
-53.17201 2.04193 -53.80412 
-135.96432 -209.11501 -78.80274 
-94.49859 -139.00808 -52.78581 
-123.78318 -219.72066 -70.42607 
-69.80797 -153.20823 -121.66015 
-104.93037 -283.76184 -170.67054 
-127.31609 -171.55623 -68.60971 
-104.27104 -135.77057 -66.19949 
-96.47437 -233.16671 -148.34953 
-50.99201 3.32351 -47.59989 
-57.03966 -11.24861 -63.69469 
-118.60090 -181.87135 -78.76288 
-101.15416 -270.65098 -159.66930 
-96.64916 -230.37146 -150.65592 
-118.41207 -165.57592 -75.47209 
-58.53309 -17.96800 -70.03773 
-59.58061 -3.50295 -58.16870 
-112.14084 -177.83391 -60.35045 
-59.29798 -3.51095 -55.13114 
-137.58032 -237.39602 -84.30755 
-61.69467 -7.68153 -63.36988 
-108.29982 -158.17422 -64.92197 
-59.38427 -1.61917 -56.57095 
-81.11422 -189.80487 -137.10934 
-57.40429 -4.07910 -58.08671 
-108.62702 -168.23159 -54.96803 
-75.03439 -180.97840 -127.06643 
-75.78126 -175.10290 -116.65613 
-85.62079 -209.43340 -141.33792 
-57.71349 -3.60429 -55.41241 
-49.06529 3.62003 -49.71817 
-150.65403 -263.43006 -84.57571 
-83.72603 -212.94969 -137.12136 
-60.01823 -4.92033 -58.93714 
-152.91031 -310.61079 -84.81929 
-96.05237 -246.27100 -159.88401 
-100.58651 -221.06960 -150.35275 
-94.36062 -266.20618 -161.09049 
-52.69954 1.80352 -48.62717 
-139.30721 -224.33924 -88.89951 
-132.54434 -202.73021 -71.40580 
-55.79235 2.86672 -49.36636 
-137.94958 -244.13540 -77.84445 
-99.11530 -192.55945 -137.26557 
-56.27046 0.17397 -53.38415 
-84.93965 -192.56492 -139.10148 
-120.94776 -172.59380 -66.16240 
-75.58884 -157.23019 -122.21347 
-94.39054 -269.50609 -164.24553 
-103.74294 -152.56718 -54.03823 
-138.75986 -241.46189 -87.45991 
-110.96467 -162.37705 -59.22558 
-130.46464 -199.13379 -78.96333 
-57.43204 -1.65972 -55.64567 
-127.14445 -215.41141 -72.80686 
-75.80018 -177.15588 -131.45280 
-71.89192 -194.91709 -122.60085 
-54.14651 1.32806 -53.14150 
-137.41298 -236.76159 -74.39099 
-103.13849 -150.89560 -66.37172 
-143.41714 -319.18758 -98.41448 
-87.95194 -215.59402 -134.41699 
-126.48967 -194.79369 -75.25118 
-108.16091 -153.47671 -62.42750 
-59.09808 -11.88000 -66.50957 
-112.82556 -161.77998 -54.43647 
-92.48304 -276.63925 -158.92899 
-145.88290 -260.66211 -89.76492 
-87.74044 -199.23354 -133.08291 
-120.16643 -187.06865 -64.96953 
-50.05992 -1.73681 -57.71711 
-114.46994 -281.91738 -170.08605 
-102.23264 -261.99402 -158.96038 
-55.62423 0.09865 -54.92333 
-64.87771 -6.71692 -61.34704 
-78.23578 -152.19817 -123.21038 
-68.42310 -16.04802 -69.44742 
-96.19996 -217.47501 -151.89526 
-80.43737 -235.50218 -136.84962 
-90.10434 -220.98236 -145.48179 
-105.79246 -249.15090 -161.37685 
-54.33162 2.38601 -50.77227 
-120.05958 -169.83193 -65.80634 
-82.00084 -168.84802 -127.11552 
-109.98537 -255.16295 -162.67045 
-118.84717 -208.14076 -62.98391 
-132.74546 -210.24304 -80.11342 
-132.88996 -204.39928 -71.13997 
-121.53512 -211.12890 -64.42124 
-118.43088 -218.68382 -73.38258 
-118.33274 -272.89995 -176.85074 
-111.12395 -265.16661 -163.36942 
-116.44895 -277.27715 -173.49125 
-56.58755 -2.91782 -59.26236 
-58.51053 0.89458 -53.80864 
-127.16107 -262.24893 -166.30537 
-147.84224 -265.39586 -84.55104 
-113.81510 -173.35586 -66.65919 
-80.14962 -232.54963 -140.02992 
-128.77667 -199.70984 -75.47504 
-51.47255 -3.93284 -51.16468 
-144.38018 -200.24067 -80.80270 
-107.12014 -243.64660 -158.50659 
-54.65460 3.11570 -50.57646 
-111.52669 -166.11190 -55.22922 
-55.05123 -0.12336 -56.65520 
-129.91509 -192.40592 -77.66577 
-128.94476 -259.74548 -68.03687 
-137.54548 -248.31019 -75.70629 
-88.12600 -179.14321 -129.32572 
-54.32357 1.32277 -51.91149 
-106.00584 -146.80027 -59.28079 
-60.30634 -3.31546 -60.65737 
-116.06057 -271.97914 -176.66095 
-125.55782 -179.56346 -73.22575 
-78.90164 -155.66226 -120.25395 
-79.64378 -198.38628 -133.72034 
-159.30252 -286.30995 -88.58830 
-53.77833 -0.71450 -51.74362 
-61.28923 -3.35328 -58.57618 
-114.60483 -160.69281 -67.70105 
-122.11897 -289.47644 -178.71448 
-136.16637 -230.64029 -83.02599 
-84.18771 -196.30169 -133.94213 
-96.97621 -219.24998 -144.72201 
-100.84097 -264.39552 -160.02670 
-97.75661 -237.80196 -154.97930 
-90.42157 -135.95592 -123.12999 
-90.11587 -204.41183 -134.19166 
-52.89530 0.78685 -54.87440 
-123.90090 -300.62137 -176.91689 
-123.48656 -198.04406 -77.86298 
-57.73250 -5.46234 -53.49363 
-136.61822 -228.53694 -76.66280 
-114.38539 -317.80667 -174.40580 
-82.16081 -207.15677 -137.17266 
-60.29812 -0.77661 -51.96178 
-117.18484 -191.77862 -69.37656 
-98.86572 -150.81889 -45.98980 
-108.60799 -245.27092 -154.95188 
-57.40536 -3.53469 -55.10924 
-52.03923 -0.60270 -53.22742 
-100.59177 -216.47476 -146.68219 
-52.85430 1.06694 -52.20638 
-56.57660 1.45706 -54.13205 
-93.92559 -208.15577 -143.96234 
-59.51280 -6.19296 -54.52256 
-63.11732 -7.17215 -61.28286 
-154.35181 -270.18995 -92.29661 
-102.26685 -170.44802 -57.41743 
-111.97792 -185.07342 -61.77829 
-74.08871 -122.07438 -112.15845 
-78.00312 -153.51932 -129.46795 
-104.13360 -152.83475 -64.42974 
-135.25537 -222.84635 -71.70342 
-53.51578 1.80293 -54.17942 
-144.20828 -227.56685 -80.12601 
-107.29315 -229.11458 -146.40266 
-140.52008 -269.74234 -85.81683 
-155.56204 -274.11535 -82.20734 
-118.33743 -189.16844 -67.78029 
-55.87364 -3.81288 -56.41457 
-55.09364 -0.36873 -57.72903 
-143.39390 -245.25115 -80.25261 
-93.19142 -203.91350 -139.84357 
-104.40139 -280.17827 -167.60593 
-95.08270 -283.16557 -161.90947 
-110.73291 -186.96112 -66.12273 
-116.01394 -192.32746 -69.06771 
-127.37936 -174.11821 -72.77696 
-141.39009 -233.01603 -81.33160 
-128.46585 -196.64794 -74.61626 
-56.85768 -0.17194 -55.89566 
-64.26259 -9.64770 -59.57224 
-116.37475 -156.08585 -62.11148 
-87.81563 -199.33131 -138.15003 
-84.82004 -188.46261 -132.08504 
-145.40472 -235.75536 -78.15555 
-73.16369 -149.99017 -123.75649 
-52.83668 2.36445 -52.94372 
-116.92467 -304.35760 -174.11015 
-58.50727 -1.32528 -56.95997 
-107.49213 -254.44002 -169.08990 
-109.76936 -259.06820 -166.05461 
-95.71412 -249.48889 -155.83157 
-58.67893 -3.32695 -58.24263 
-91.40538 -204.06597 -142.95143 
-104.10156 -139.02403 -63.78811 
-55.08692 0.05994 -52.31820 
-58.26152 -8.14880 -65.15525 
-148.10385 -253.39414 -84.42620 
-53.96452 1.17486 -53.23092 
-116.64455 -152.93955 -73.18681 
-90.03432 -197.40629 -131.42599 
-101.34216 -220.67775 -156.10680 
-130.43289 -229.80933 -70.59195 
-52.09225 -1.57098 -53.63276 
-53.37557 1.12278 -54.92896 
-118.15576 -171.06737 -75.10996 
-155.17589 -250.49731 -91.84642 
-114.83117 -176.20664 -74.05837 
-127.77654 -255.48777 -64.65481 
-126.96808 -236.20473 -73.02485 
-137.09676 -245.44260 -86.40438 
-51.22478 -2.60530 -57.40373 
-85.87241 -225.17256 -136.15927 
-53.82673 -1.33159 -56.78272 
-57.70090 -3.76560 -58.80608 
-116.31963 -177.12317 -71.70061 
-107.12403 -270.75015 -165.68411 
-83.95518 -229.17871 -148.22853 
-102.32163 -251.58524 -156.65413 
-54.82848 -0.54730 -55.53281 
-57.71594 -3.32401 -58.01550 
-151.24172 -291.23253 -82.38520 
-57.00436 -0.41715 -56.19879 
-53.06203 -1.92148 -56.12608 
-101.94934 -236.29333 -151.16269 
-87.57907 -194.17549 -137.97347 
-90.50485 -175.55073 -141.29884 
-60.99897 -1.22356 -52.44961 
-120.26547 -168.97580 -67.45088 
-87.03900 -183.39292 -135.64692 
-53.89466 -2.90774 -57.59149 
-56.66004 -2.40005 -57.98489 
-50.80793 0.23149 -53.54112 
-125.47505 -184.17327 -58.35140 
-127.78764 -216.98591 -73.49826 
-83.43367 -185.67223 -140.54569 
-79.76475 -197.51339 -138.41627 
-114.05634 -174.91526 -57.22497 
-55.28122 2.39939 -51.71874 
-122.62540 -164.99827 -63.62673 
-54.73829 1.16909 -50.24903 
-95.70487 -225.60354 -141.90759 
-100.10184 -290.18922 -161.27679 
-55.22889 1.01777 -51.51671 
-67.24674 -9.56134 -64.67315 
-98.22094 -242.91661 -158.11174 
-119.76200 -185.58337 -68.17858 
-113.27928 -317.07299 -178.15317 
-112.24033 -280.50390 -173.00513 
-52.12792 -1.03836 -55.08252 
-55.34564 2.40514 -51.86183 
-102.80222 -219.37413 -148.58203 
-82.32978 -193.15984 -129.70443 
-141.94160 -279.54013 -75.88268 
-61.02693 -14.08811 -64.79335 
-59.83257 -1.22720 -56.79788 
-125.45541 -204.36595 -67.88441 
-48.37951 -3.75237 -55.04299 
-59.59884 -3.49641 -59.89680 
-135.32792 -234.89427 -75.97966 
-62.28238 -2.29243 -53.99469 
-129.12778 -214.48612 -65.75896 
-117.53156 -196.98854 -73.75681 
-123.58255 -201.32547 -59.54968 
-58.07437 -4.92566 -62.79311 
-61.03925 -4.27923 -58.74272 
-130.76393 -252.11392 -65.32616 
-133.68796 -231.18637 -73.45131 
-87.46645 -189.40513 -129.21148 
-127.28208 -194.16668 -80.96598 
-86.38774 -212.30252 -141.72547 
-58.76453 0.32720 -53.07919 
